episode,steps,X,Y,yaw,steer,throttle,action,reward,done,all_wheels_on_track,progress,closest_waypoint,track_len,tstamp,episode_status,pause_duration
80,1.0,0.3225150888589221,2.691138418353142,-83.99518996674556,5.127416640463181,1.6726997290635912,[5.127416640463181, 1.6726997290635912],0.0,False,True,0.6065997788987676,1,23.11822180235112,196.202,prepare,0.0
80,2.0,0.32249722469909375,2.6913729172740894,-84.00607495570648,30.0,3.0,[30.0, 3.0],1.0,False,True,0.6055829085685207,1,23.11822180235112,196.267,in_progress,0.0
80,3.0,0.32209096903882756,2.6795604078178537,-84.4301064484803,1.9356897127512518,2.786556456204408,[1.9356897127512518, 2.786556456204408],1.0638484659686933,False,True,0.655953210076699,1,23.11822180235112,196.331,in_progress,0.0
80,4.0,0.3259190027569606,2.6536614597963597,-84.09148204811684,17.8745005308525,1.8550285637555788,[17.8745005308525, 1.8550285637555788],0.7688959865205021,False,True,0.7691970545069067,1,23.11822180235112,196.392,in_progress,0.0
80,5.0,0.3366826942187801,2.6145762049629226,-82.42168838635564,30.0,2.618445006212575,[30.0, 2.618445006212575],0.7129004037836121,False,True,0.9431402840148934,1,23.11822180235112,196.462,in_progress,0.0
80,6.0,0.3580913684453251,2.55337427379268,-79.41133791320331,13.630760057851816,2.988775124403924,[13.630760057851816, 2.988775124403924],0.5825970395240951,False,True,1.2182887146749635,2,23.11822180235112,196.532,in_progress,0.0
80,7.0,0.3832723414610863,2.4920173863077015,-76.32529366500337,30.0,2.1132543636318335,[30.0, 2.1132543636318335],0.5110424792341584,False,True,1.5024727922665062,2,23.11822180235112,196.595,in_progress,0.0
80,8.0,0.4320149980238788,2.409168896578509,-70.30909658179363,-30.0,2.1431384511371423,[-30.0, 2.1431384511371423],0.41360470167590957,False,True,1.8936626246626491,3,23.11822180235112,196.667,in_progress,0.0
80,9.0,0.48620112407246,2.3322036643827455,-64.85855879771127,-18.7495470073515,3.0,[-18.7495470073515, 3.0],0.3433465422483718,False,True,2.281749738211763,3,23.11822180235112,196.735,in_progress,0.0
80,10.0,0.5608256737991341,2.231144575837692,-59.6830069000235,-2.3368542634429197,3.0,[-2.3368542634429197, 3.0],0.5745410756802849,False,True,2.8032681822416974,4,23.11822180235112,196.804,in_progress,0.0
80,11.0,0.6499547778174681,2.1249421335042857,-54.952611073900144,-10.556949088862158,2.0794185785199963,[-10.556949088862158, 2.0794185785199963],0.2125209652191571,False,True,3.3939233416016816,5,23.11822180235112,196.867,in_progress,0.0
80,12.0,0.7360491650436267,2.02832611469154,-51.79279649381742,30.0,1.5,[30.0, 1.5],0.6671538732619672,False,True,3.9911412086352454,6,23.11822180235112,196.931,in_progress,0.0
80,13.0,0.844601919795111,1.918476074738234,-48.291360365174064,-30.0,2.7309848763076388,[-30.0, 2.7309848763076388],0.12453341143642438,False,True,4.727857570224857,7,23.11822180235112,196.999,in_progress,0.0
80,14.0,0.942344369604573,1.8322664763697392,-45.110241125544846,30.0,2.672046136964213,[30.0, 2.672046136964213],0.0946660457137426,False,True,5.402355176829273,8,23.11822180235112,197.019,in_progress,0.0
80,15.0,1.0637461835934774,1.7357786313721264,-41.528815634887756,-11.226810818452819,2.24889061225681,[-11.226810818452819, 2.24889061225681],0.06881537345591537,False,True,6.256293246032967,10,23.11822180235112,197.13,in_progress,0.0
80,16.0,1.183311371149868,1.6487603227591618,-38.77257310314045,3.1048578451220834,2.8889166991804363,[3.1048578451220834, 2.8889166991804363],0.06412318317470922,False,True,7.537643344841986,12,23.11822180235112,197.199,in_progress,0.0
80,17.0,1.3260211117926803,1.5514820821097437,-36.1386387108258,18.063702271429527,2.6943467698000134,[18.063702271429527, 2.6943467698000134],0.09708276863394116,False,True,8.891001768332517,14,23.11822180235112,197.27,in_progress,0.0
80,18.0,1.471944689216924,1.4683631992413697,-32.26517682659991,30.0,1.6555539421824679,[30.0, 1.6555539421824679],0.653602472609092,False,True,9.726459515457183,15,23.11822180235112,197.332,in_progress,0.0
80,19.0,1.6355569645760668,1.391543069098118,-27.42423620808495,18.86738821463696,2.0055063079428015,[18.86738821463696, 2.0055063079428015],0.23399144625754587,False,True,10.533789818429007,16,23.11822180235112,197.397,in_progress,0.0
80,20.0,1.7605185940597812,1.3419560478245693,-24.589680356541788,23.250279175634958,1.9597110152353854,[23.250279175634958, 1.9597110152353854],0.31458602168881666,False,True,11.040670703994582,17,23.11822180235112,197.465,in_progress,0.0
80,21.0,1.9063597859091208,1.2951058808849063,-21.00384045224308,8.293867385862342,2.951647866894683,[8.293867385862342, 2.951647866894683],2.7512145695856285,False,True,11.64446458469129,18,23.11822180235112,197.534,in_progress,0.0
80,22.0,2.0482176656985174,1.258819164678958,-17.59167488279545,29.060164218807913,1.5,[29.060164218807913, 1.5],1.124079179839765,False,True,12.224701933628012,19,23.11822180235112,197.598,in_progress,0.0
80,23.0,2.215081920086949,1.231019830113746,-12.708774467216497,-16.317520183976622,2.1596505218491107,[-16.317520183976622, 2.1596505218491107],0.40889015027735387,False,True,12.917853706252238,20,23.11822180235112,197.664,in_progress,0.0
80,24.0,2.351470642405634,1.2188207935476862,-9.055274324961532,-17.417798327847866,1.674912632069927,[-17.417798327847866, 1.674912632069927],0.8446424619227862,False,True,13.49482705591109,21,23.11822180235112,197.73,in_progress,0.0
80,25.0,2.4851876921102303,1.2182929976551324,-4.773436141757686,-27.30062592420389,1.5,[-27.30062592420389, 1.5],0.8199726616448769,False,True,14.099741469745622,22,23.11822180235112,197.803,in_progress,0.0
80,26.0,2.6103816281956767,1.2192626098151715,-2.1009510810946956,23.537191974567726,2.083191515895149,[23.537191974567726, 2.083191515895149],0.31670051080251405,False,True,14.698250100796079,22,23.11822180235112,197.864,in_progress,0.0
80,27.0,2.7306707125049745,1.222841921925358,-0.45429065012063224,-30.0,1.5621908437972238,[-30.0, 1.5621908437972238],0.8354025164197779,False,True,15.270393937177888,23,23.11822180235112,197.937,in_progress,0.0
80,28.0,2.8602267253807687,1.2315258734436056,1.5883672974085628,30.0,1.6265501643455964,[30.0, 1.6265501643455964],0.8964052214128048,False,True,15.875875549198021,24,23.11822180235112,197.998,in_progress,0.0
80,29.0,2.9954519146348413,1.2427197726961516,3.1062173127751755,-23.603885462795077,1.5,[-23.603885462795077, 1.5],1.0938111438945994,False,True,16.4303350271089,25,23.11822180235112,198.066,in_progress,0.0
80,30.0,3.0941045463520997,1.256393439763297,4.873419576395753,11.461271930975016,1.6070177095194638,[11.461271930975016, 1.6070177095194638],0.9627664859472893,False,True,16.77825512625151,26,23.11822180235112,198.131,in_progress,0.0
80,31.0,3.2130669484481036,1.2772321372407462,7.072650802992313,7.524080502735103,1.5,[7.524080502735103, 1.5],1.1038570018049754,False,True,17.10333121672453,26,23.11822180235112,198.2,in_progress,0.0
80,32.0,3.3157072584421563,1.3005532472168997,9.314568374324699,30.0,2.0467654746195807,[30.0, 2.0467654746195807],0.21121561222403928,False,True,17.394015227753837,27,23.11822180235112,198.265,in_progress,0.0
80,33.0,3.4193889817572782,1.331943935722519,12.26440886687201,30.0,2.1794684337837804,[30.0, 2.1794684337837804],0.13790874016079102,False,True,17.63936088216284,27,23.11822180235112,198.337,in_progress,0.0
80,34.0,3.5430525094224943,1.381590710295991,16.76943947868989,-29.357031669845412,2.7402053090082488,[-29.357031669845412, 2.7402053090082488],0.060321084580018836,False,True,17.712047146572313,27,23.11822180235112,198.393,in_progress,0.0
80,35.0,3.6661186699699457,1.4452896597072666,21.964558852765354,4.905504002603095,2.5725887417966584,[4.905504002603095, 2.5725887417966584],2.292947771850637,False,True,17.888647331510256,27,23.11822180235112,198.47,in_progress,0.0
80,36.0,3.7900443632880347,1.5192475058361623,26.51014016692057,30.0,2.216701507441583,[30.0, 2.216701507441583],0.001,False,False,18.03620291502611,28,23.11822180235112,198.529,in_progress,0.0
80,37.0,3.9181119991088202,1.6066138142313349,30.59283566858656,30.0,1.968203635239786,[30.0, 1.968203635239786],0.001,True,False,18.154948811888993,28,23.11822180235112,198.566,off_track,0.0
81,1.0,0.6604000452365535,1.5943236158024923,-62.54861950672011,-30.0,1.5,[-30.0, 1.5],0.0,False,True,0.6042782334262427,9,23.11822180235112,198.728,prepare,0.0
81,2.0,0.6601201155556613,1.5942591513461568,-62.5941797186554,30.0,1.5,[30.0, 1.5],1.1463116560821698,False,True,0.6038547915461316,9,23.11822180235112,198.8,in_progress,0.0
81,3.0,0.667154258953113,1.5855297187986506,-62.038729683491354,30.0,1.5,[30.0, 1.5],1.159382417607998,False,True,0.652085276668455,9,23.11822180235112,198.832,in_progress,0.0
81,4.0,0.687479706947099,1.566015090972099,-59.92815245243829,30.0,1.5,[30.0, 1.5],1.3094833217030057,False,True,0.7707118233885473,9,23.11822180235112,198.937,in_progress,0.0
81,5.0,0.7198322928113926,1.5386401361722735,-56.52857740478072,30.0,2.972771074722724,[30.0, 2.972771074722724],0.6329468960906297,False,True,0.9518890883584284,9,23.11822180235112,199.003,in_progress,0.0
81,6.0,0.769531117679549,1.5066374285905102,-50.949134305955546,-30.0,2.1504226943768785,[-30.0, 2.1504226943768785],0.5248217805782771,False,True,1.196180769876367,9,23.11822180235112,199.075,in_progress,0.0
81,7.0,0.8306741857463436,1.4711467780550023,-45.27028702674562,-6.571317268225453,1.7075228317536868,[-6.571317268225453, 1.7075228317536868],0.9433132857208604,False,True,1.4838736575669378,10,23.11822180235112,199.139,in_progress,0.0
81,8.0,0.905414038340883,1.4300133410798959,-39.946800180330634,-1.7745144392194163,1.5,[-1.7745144392194163, 1.5],0.8998063782995762,False,True,1.884686938244065,11,23.11822180235112,199.191,in_progress,0.0
81,9.0,0.9767935544954688,1.3957806809163065,-35.65063839009786,4.41346948872858,2.601950494148793,[4.41346948872858, 2.601950494148793],0.36609492850218006,False,True,2.2886831907347913,11,23.11822180235112,199.266,in_progress,0.0
81,10.0,1.075896948911036,1.357314743504874,-29.974555979013903,30.0,2.071644244247863,[30.0, 2.071644244247863],0.3407709503521833,False,True,2.7442001367048663,12,23.11822180235112,199.331,in_progress,0.0
81,11.0,1.1918177355146113,1.3279231737286852,-23.163772753005826,9.502311166461034,2.4005513074983753,[9.502311166461034, 2.4005513074983753],0.625144034593244,False,True,3.347165989232802,13,23.11822180235112,199.4,in_progress,0.0
81,12.0,1.3021982905437537,1.3111977756290558,-17.12941690630087,-10.026946615644775,2.370609380284718,[-10.026946615644775, 2.370609380284718],0.6227639935975184,False,True,3.9197297979273777,14,23.11822180235112,199.468,in_progress,0.0
81,13.0,1.4521025742042597,1.3030221229092493,-9.537614138857672,-30.0,2.1465973225405546,[-30.0, 2.1465973225405546],0.32850476458182665,False,True,4.634744677828262,15,23.11822180235112,199.529,in_progress,0.0
81,14.0,1.5918385950931806,1.3000081267224561,-5.151241674449171,30.0,2.3402306851160057,[30.0, 2.3402306851160057],0.3475625153604357,False,True,5.270344398603087,16,23.11822180235112,199.595,in_progress,0.0
81,15.0,1.7310515523459369,1.299770611283122,-2.693641880213654,30.0,2.482749311560834,[30.0, 2.482749311560834],0.3779505584188395,False,True,5.889885709360515,17,23.11822180235112,199.663,in_progress,0.0
81,16.0,1.882242426794755,1.3096390190445604,0.6200156017007395,-30.0,2.213787658507457,[-30.0, 2.213787658507457],0.4055624291813603,False,True,6.551603560936782,18,23.11822180235112,199.729,in_progress,0.0
81,17.0,2.047783631414276,1.3295416002899307,4.056241580137371,11.236395809762456,1.5,[11.236395809762456, 1.5],0.9228663593127778,False,True,7.273187717900112,19,23.11822180235112,199.8,in_progress,0.0
81,18.0,2.190619837265764,1.352984474540065,6.743611767500354,30.0,1.5880110622333081,[30.0, 1.5880110622333081],0.9228340543016741,False,True,7.898408740360694,20,23.11822180235112,199.862,in_progress,0.0
81,19.0,2.3265986629562163,1.3877486147162,10.509341712975145,-25.867432165403187,2.8252540129340673,[-25.867432165403187, 2.8252540129340673],0.39311817103169455,False,True,8.500795431594552,21,23.11822180235112,199.932,in_progress,0.0
81,20.0,2.4485408863362146,1.4299858711684443,14.545422086694058,20.531096942523604,1.5,[20.531096942523604, 1.5],0.8413325881624564,False,True,9.021805179883255,21,23.11822180235112,199.999,in_progress,0.0
81,21.0,2.563339665463904,1.4811445431594683,19.098466245579555,-3.4449426929321376,2.727725536256723,[-3.4449426929321376, 2.727725536256723],0.2783504457817183,False,True,9.46596742520068,22,23.11822180235112,200.064,in_progress,0.0
81,22.0,2.6951323143012846,1.5475536544946882,22.96655459942444,-30.0,1.5458772227688724,[-30.0, 1.5458772227688724],0.7035956159902497,False,True,10.027466914185514,23,23.11822180235112,200.135,in_progress,0.0
81,23.0,2.808334026711738,1.6028103350073926,24.475652672303372,29.624426458466182,3.0,[29.624426458466182, 3.0],0.1457238858692006,False,True,10.375489235419339,24,23.11822180235112,200.17,in_progress,0.0
81,24.0,2.939766311185893,1.666090271743231,25.138239657333887,-7.204024165077108,1.5,[-7.204024165077108, 1.5],0.8881087076180358,False,True,10.680536965013452,24,23.11822180235112,200.266,in_progress,0.0
81,25.0,3.0689149417696404,1.7351172650052318,26.748805495084067,30.0,3.0,[30.0, 3.0],0.02864864787771637,False,True,11.064652421140707,25,23.11822180235112,200.286,in_progress,0.0
81,26.0,3.1969998214234097,1.806152673040507,27.933550488504533,-21.361817325745182,1.5,[-21.361817325745182, 1.5],0.001,False,False,11.333344847275038,25,23.11822180235112,200.402,in_progress,0.0
81,27.0,3.3157262813610493,1.8751125023003532,29.133532673478218,30.0,1.5,[30.0, 1.5],0.001,False,False,11.356091344512166,25,23.11822180235112,200.467,in_progress,0.0
81,28.0,3.415816824570644,1.9369295469957342,30.28600317719842,30.0,2.3147158918470194,[30.0, 2.3147158918470194],0.001,True,False,11.610931035251241,25,23.11822180235112,200.536,off_track,0.0
82,1.0,1.6770427579306746,1.2101461012361852,4.6043485525201175,-30.0,1.5,[-30.0, 1.5],0.0,False,True,0.6063800763422916,16,23.11822180235112,200.672,prepare,0.0
82,2.0,1.6768341313860229,1.2099253759589723,4.597647454836625,-30.0,3.0,[-30.0, 3.0],0.7551241847720006,False,True,0.6053577410245287,16,23.11822180235112,200.736,in_progress,0.0
82,3.0,1.6855860250607995,1.2130445823084532,5.195239101263682,-30.0,3.0,[-30.0, 3.0],0.9749893609559169,False,True,0.6446824508075905,16,23.11822180235112,200.799,in_progress,0.0
82,4.0,1.7069795832132855,1.2177862991555086,5.994211757980345,-30.0,1.9529377635866598,[-30.0, 1.9529377635866598],0.7579875859826036,False,True,0.7391370892246076,16,23.11822180235112,200.875,in_progress,0.0
82,5.0,1.7472762113218958,1.219633208388486,5.4564771353908235,26.71972516472617,1.5,[26.71972516472617, 1.5],0.7608218735782173,False,True,0.9129404701383723,17,23.11822180235112,200.935,in_progress,0.0
82,6.0,1.7976233839880351,1.2211623251094545,4.650332836441257,-17.971235868773526,2.117601006047852,[-17.971235868773526, 2.117601006047852],0.6600331904738203,False,True,1.1288202274570405,17,23.11822180235112,200.999,in_progress,0.0
82,7.0,1.8672945590197085,1.2242547387952014,4.059708268712055,-9.269123564906607,2.658580902439956,[-9.269123564906607, 2.658580902439956],2.8886536209682823,False,True,1.4284209222017479,17,23.11822180235112,201.061,in_progress,0.0
82,8.0,1.9434135752134847,1.2246856949779852,2.9130599086886773,-26.071433112153606,3.0,[-26.071433112153606, 3.0],0.5253175214473913,False,True,1.7536992820524955,18,23.11822180235112,201.13,in_progress,0.0
82,9.0,2.049089700480385,1.2180661551776328,0.35093899017442853,-15.666824938062973,3.0,[-15.666824938062973, 3.0],0.4439486659112011,False,True,2.1994160795621056,19,23.11822180235112,201.198,in_progress,0.0
82,10.0,2.1465965061999697,1.2055300004607457,-2.5133776434341417,-13.759727771470118,2.133786561356766,[-13.759727771470118, 2.133786561356766],0.3791574384297326,False,True,2.6077211582068576,19,23.11822180235112,201.27,in_progress,0.0
82,11.0,2.2722687204894774,1.1825664091217547,-6.161944749421505,30.0,2.6224487996066763,[30.0, 2.6224487996066763],0.30837930732089547,False,True,3.1322039989468116,20,23.11822180235112,201.33,in_progress,0.0
82,12.0,2.3966089267291633,1.1539967834466498,-9.336523567551989,-30.0,1.9117059598697284,[-30.0, 1.9117059598697284],0.24931711677095458,False,True,3.64467335840134,21,23.11822180235112,201.4,in_progress,0.0
82,13.0,2.5342792773735976,1.1232141901294048,-10.983416073719534,30.0,2.770716127762441,[30.0, 2.770716127762441],0.20483533060247094,False,True,4.275359610827997,22,23.11822180235112,201.465,in_progress,0.0
82,14.0,2.6793983930996315,1.0857683207922642,-12.818783677530526,2.621254966814206,3.0,[2.621254966814206, 3.0],0.17492361641972431,False,True,5.132857173074265,23,23.11822180235112,201.532,in_progress,0.0
82,15.0,2.837089344357911,1.0432377803699848,-14.122965411379207,5.516769675759768,1.5,[5.516769675759768, 1.5],0.9661607856730512,False,True,6.03120718042123,25,23.11822180235112,201.597,in_progress,0.0
82,16.0,2.9747951152263257,1.0103939204312313,-13.79712898401853,-30.0,1.7029865618079472,[-30.0, 1.7029865618079472],0.6898810796383986,False,True,6.82724234138061,26,23.11822180235112,201.662,in_progress,0.0
82,17.0,3.1087964627584066,0.9751876833994516,-14.206017305691134,7.274108297211477,2.8737629400726736,[7.274108297211477, 2.8737629400726736],0.5393293088056397,False,True,7.541382474999062,27,23.11822180235112,201.733,in_progress,0.0
82,18.0,3.26188035660747,0.929900853120892,-15.48655813475329,-6.6771245846850285,1.7940635591259069,[-6.6771245846850285, 1.7940635591259069],0.6382727205047236,False,True,8.253111033710194,28,23.11822180235112,201.799,in_progress,0.0
82,19.0,3.408299867406497,0.8812423192021428,-17.10374663821169,-5.12179205382505,1.5,[-5.12179205382505, 1.5],1.3646512061148683,False,True,8.857917814571925,29,23.11822180235112,201.867,in_progress,0.0
82,20.0,3.535644384580221,0.8366305097193036,-18.076728482892378,27.273241605841122,1.5,[27.273241605841122, 1.5],0.9305183136854543,False,True,9.343578078606955,30,23.11822180235112,201.931,in_progress,0.0
82,21.0,3.662898765228106,0.7968578252315938,-17.70343269305131,-1.1109379981502983,2.4990467967925136,[-1.1109379981502983, 2.4990467967925136],0.594906435627512,False,True,9.845469402493553,30,23.11822180235112,201.988,in_progress,0.0
82,22.0,3.7908211442811273,0.762254868261984,-16.503779384262682,4.290498986935475,2.7610672755017127,[4.290498986935475, 2.7610672755017127],0.5126762630783839,False,True,10.410205248130506,31,23.11822180235112,202.052,in_progress,0.0
82,23.0,3.9282726015421234,0.7304269492834214,-14.702600157134034,-2.9154765599082992,2.441161747991064,[-2.9154765599082992, 2.441161747991064],0.4524903375451265,False,True,11.062945763397789,32,23.11822180235112,202.134,in_progress,0.0
82,24.0,4.074340288549612,0.6988435775789346,-13.524664990922084,2.3270810220103044,2.3149033711267335,[2.3270810220103044, 2.3149033711267335],0.40942092484294673,False,True,11.804080092851507,33,23.11822180235112,202.198,in_progress,0.0
82,25.0,4.223124793977583,0.6713849944806565,-11.936051260680124,17.774031443036932,3.0,[17.774031443036932, 3.0],0.07930809869542621,False,True,12.583630541274735,35,23.11822180235112,202.263,in_progress,0.0
82,26.0,4.401374441238208,0.6504075243757796,-8.747092338125677,26.564381362772536,2.3336467826793514,[26.564381362772536, 2.3336467826793514],0.05388951367961714,False,True,13.692192172414938,36,23.11822180235112,202.336,in_progress,0.0
82,27.0,4.555654956275288,0.6447381371507903,-5.158939088941527,-30.0,2.4565753730385347,[-30.0, 2.4565753730385347],0.039685309684848624,False,True,14.543099108202467,38,23.11822180235112,202.4,in_progress,0.0
82,28.0,4.711586014967466,0.6481652284934987,-1.6828384400303231,15.129261329449683,1.5931840973906848,[15.129261329449683, 1.5931840973906848],0.032130714336948696,False,False,15.60570584621572,40,23.11822180235112,202.464,in_progress,0.0
82,29.0,4.865070457972972,0.6633217764364044,2.224177563087301,-30.0,1.5,[-30.0, 1.5],0.030311690173946082,False,False,16.447380362929433,41,23.11822180235112,202.536,in_progress,0.0
82,30.0,5.013875531546072,0.6843648826912777,5.2557463918475955,30.0,3.0,[30.0, 3.0],0.001,False,False,17.272029610735114,43,23.11822180235112,202.596,in_progress,0.0
82,31.0,5.150260782030758,0.7062610219589933,7.156430776112585,22.51889424373691,2.347582469840731,[22.51889424373691, 2.347582469840731],0.001,False,False,18.28440629160776,44,23.11822180235112,202.668,in_progress,0.0
82,32.0,5.30730662294152,0.7458896861135944,10.966996049055256,-30.0,1.9817606954018583,[-30.0, 1.9817606954018583],0.001,False,False,19.110179793145445,46,23.11822180235112,202.733,in_progress,0.0
82,33.0,5.455347496627701,0.7889275510102028,13.758810174246648,-30.0,1.6371916086866016,[-30.0, 1.6371916086866016],0.5900686491347907,False,True,19.837545413023946,47,23.11822180235112,202.796,in_progress,0.0
82,34.0,5.591503727022384,0.8226613557848487,13.906168464599869,30.0,3.0,[30.0, 3.0],0.12151652739901286,False,True,20.477628453090198,48,23.11822180235112,202.87,in_progress,0.0
82,35.0,5.725340238678492,0.8563239179217347,14.088752123764941,-26.597945097305068,1.5,[-26.597945097305068, 1.5],0.16016328020470605,False,True,21.08779442883678,49,23.11822180235112,202.934,in_progress,0.0
82,36.0,5.867575999401644,0.8902322718975668,13.643769869698692,4.03030146614303,2.268339447136328,[4.03030146614303, 2.268339447136328],2.5144793369849947,False,True,21.701648313937497,50,23.11822180235112,202.998,in_progress,0.0
82,37.0,6.0037762992548975,0.920992669312133,13.207103690702805,4.769952740036601,1.822888105548856,[4.769952740036601, 1.822888105548856],0.5868116133037262,False,True,22.261474495572884,50,23.11822180235112,203.063,in_progress,0.0
82,38.0,6.137558757553071,0.9559723477703188,13.979379172295134,30.0,2.3007126821131982,[30.0, 2.3007126821131982],0.3889957320912296,False,True,22.804223180770965,51,23.11822180235112,203.134,in_progress,0.0
82,39.0,6.274275116210244,1.0006612684726104,16.023501281273088,-30.0,3.0,[-30.0, 3.0],0.607212898637923,False,True,23.36838659146888,52,23.11822180235112,203.199,in_progress,0.0
82,40.0,6.414824081402247,1.0545366971616437,18.46638453620994,-24.428958454077506,1.753446426369278,[-24.428958454077506, 1.753446426369278],0.45156282430060457,False,True,23.963714334169964,53,23.11822180235112,203.27,in_progress,0.0
82,41.0,6.565323110312581,1.112120702023033,19.73590665618969,-4.6179145136410895,1.5,[-4.6179145136410895, 1.5],0.6154622632681397,False,True,24.58857516682846,54,23.11822180235112,203.336,in_progress,0.0
82,42.0,6.692759313507165,1.1565667918347373,19.48124637446446,30.0,1.5,[30.0, 1.5],0.23666961599150171,False,True,25.089888989067532,55,23.11822180235112,203.395,in_progress,0.0
82,43.0,6.812513354796833,1.2057450758373307,20.8308910700142,0.25357101785104774,1.7205441017290353,[0.25357101785104774, 1.7205441017290353],0.4826362464161226,False,True,25.572240617604102,55,23.11822180235112,203.466,in_progress,0.0
82,44.0,6.9250257272681015,1.258542746753425,22.855779835734385,26.61657752237086,2.606076544626065,[26.61657752237086, 2.606076544626065],0.14213283516107755,False,True,26.036026476793516,56,23.11822180235112,203.531,in_progress,0.0
82,45.0,7.029487910747299,1.315748352820883,25.469275342195576,-20.243131180736196,1.5,[-20.243131180736196, 1.5],0.11134687475349192,False,True,26.51518182109446,57,23.11822180235112,203.602,in_progress,0.0
82,46.0,7.146225896586349,1.3899870676595465,28.85433361862368,30.0,2.21475237890193,[30.0, 2.21475237890193],0.08290614769725968,False,True,27.049976463997115,58,23.11822180235112,203.661,in_progress,0.0
82,47.0,7.252341960400246,1.4629874319719396,31.387502462930676,30.0,1.728782185144333,[30.0, 1.728782185144333],0.06001703598121344,False,True,27.54594818933892,58,23.11822180235112,203.711,in_progress,0.0
82,48.0,7.351951139363221,1.544745407195698,35.12833806924255,-30.0,1.6212366279388994,[-30.0, 1.6212366279388994],0.04331486107199145,False,True,28.050688439164784,59,23.11822180235112,203.801,in_progress,0.0
82,49.0,7.441029057971878,1.6303376102502394,39.143883913221586,-13.934883869257746,1.5,[-13.934883869257746, 1.5],0.032092717771644685,False,True,28.551629299522354,60,23.11822180235112,203.866,in_progress,0.0
82,50.0,7.520124356199493,1.7133249446786127,42.1768031897856,-9.915939339071883,1.5,[-9.915939339071883, 1.5],21.446072133629748,False,False,29.030000512123543,61,23.11822180235112,203.932,in_progress,0.0
82,51.0,7.594357507070525,1.7968304031117353,44.82667582838912,3.9993289545956756,1.8416185492683854,[3.9993289545956756, 1.8416185492683854],0.001,False,False,29.4723303579681,61,23.11822180235112,204.001,in_progress,0.0
82,52.0,7.67114625685708,1.893149256820844,47.79715953704024,10.427878029293758,2.1965994427259714,[10.427878029293758, 2.1965994427259714],1.8117399074645202,False,False,29.967649937731466,62,23.11822180235112,204.064,in_progress,0.0
82,53.0,7.733101620647072,1.9848130956697876,51.03529389152603,30.0,2.6127651828169904,[30.0, 2.6127651828169904],0.001,False,False,30.44617174654415,63,23.11822180235112,204.128,in_progress,0.0
82,54.0,7.794585598689142,2.0949091855156,55.47436633314572,28.87780213727026,1.5,[28.87780213727026, 1.5],0.001,False,False,30.954176342882644,64,23.11822180235112,204.189,in_progress,0.0
82,55.0,7.848928328126139,2.2205671959423348,61.15235319451909,16.04641435777539,1.5,[16.04641435777539, 1.5],0.001,False,False,31.503267653918666,65,23.11822180235112,204.259,in_progress,0.0
82,56.0,7.885781424463546,2.336502119965214,66.24938818723663,-0.16719247961801287,2.7829969017807903,[-0.16719247961801287, 2.7829969017807903],1.8386000493334969,False,False,31.980190951186206,65,23.11822180235112,204.33,in_progress,0.0
82,57.0,7.912690043464603,2.4580419984072144,71.44994645692732,10.885890671504875,3.0,[10.885890671504875, 3.0],1.8592997908066744,False,False,32.47345764324591,66,23.11822180235112,204.383,in_progress,0.0
82,58.0,7.929092194106627,2.6031126332469916,77.77003853488604,11.65767806691509,2.4853996483105325,[11.65767806691509, 2.4853996483105325],0.0929084353369587,False,True,33.04293360699106,67,23.11822180235112,204.472,in_progress,0.0
82,59.0,7.931624771129729,2.7505004832760704,83.81829729806493,23.791160924433044,2.013604772408745,[23.791160924433044, 2.013604772408745],0.13888640598511026,False,True,33.581564503418505,68,23.11822180235112,204.535,in_progress,0.0
82,60.0,7.923802713661711,2.8910188054510284,88.63113730240421,-30.0,1.5,[-30.0, 1.5],0.19740805646943038,False,True,34.08349431165711,68,23.11822180235112,204.6,in_progress,0.0
82,61.0,7.903367456997702,3.0304983040782325,93.68866291017672,-6.591550259559931,1.9889253542986243,[-6.591550259559931, 1.9889253542986243],0.5840662179086586,False,True,34.56858830262329,69,23.11822180235112,204.661,in_progress,0.0
82,62.0,7.87213320747443,3.1690205013626835,98.15926460486888,25.682777420286676,1.5,[25.682777420286676, 1.5],0.443268515157904,False,True,35.04759922016447,70,23.11822180235112,204.734,in_progress,0.0
82,63.0,7.833128902848142,3.2880193997037948,102.69112653762036,30.0,2.091096205754458,[30.0, 2.091096205754458],0.4957646906988754,False,True,35.43895231990742,71,23.11822180235112,204.794,in_progress,0.0
82,64.0,7.789545744311657,3.393974959275958,106.67822439445145,-30.0,1.5,[-30.0, 1.5],0.3134740002332437,False,True,35.78540348491545,71,23.11822180235112,204.868,in_progress,0.0
82,65.0,7.724885516919969,3.5116480522262816,112.52505495211895,6.788243383143495,2.652377662936408,[6.788243383143495, 2.652377662936408],2.4939961142874068,False,True,36.138420309177185,72,23.11822180235112,204.912,in_progress,0.0
82,66.0,7.659341132920616,3.6123840602187394,117.13947124390016,30.0,1.5,[30.0, 1.5],0.11613760935005701,False,True,36.450261912533286,72,23.11822180235112,205.005,in_progress,0.0
82,67.0,7.577886857853751,3.7153163393663142,122.39713765829764,-15.438188129001416,1.5,[-15.438188129001416, 1.5],0.04678786109059996,False,True,36.72535535216521,73,23.11822180235112,205.077,in_progress,0.0
82,68.0,7.4946195192209055,3.79993842514343,127.86607740940707,-30.0,1.5,[-30.0, 1.5],0.001,False,False,36.92434053561471,73,23.11822180235112,205.132,in_progress,0.0
82,69.0,7.412341769233565,3.8759308873072134,131.70884060710648,-30.0,1.5,[-30.0, 1.5],0.001,False,False,37.149146996220296,73,23.11822180235112,205.2,in_progress,0.0
82,70.0,7.339291899387643,3.9518243337850696,132.5728840632625,-4.398534005215595,2.330107162189209,[-4.398534005215595, 2.330107162189209],1.7108957858984604,False,False,37.33893395845992,73,23.11822180235112,205.278,in_progress,0.0
82,71.0,7.258268774351279,4.039276848861438,132.62261334644913,-30.0,1.5538949123171972,[-30.0, 1.5538949123171972],0.001,True,False,37.56262010867203,74,23.11822180235112,205.321,off_track,0.0
83,1.0,2.823248758463151,1.329846351853346,-1.5063380720477884,-2.6765784168168594,1.9634718555420527,[-2.6765784168168594, 1.9634718555420527],0.0,False,True,0.6028928736368067,24,23.11822180235112,205.47,prepare,0.0
83,2.0,2.8230317351653205,1.3300072672368468,-1.4600946616462622,-3.088454963163919,2.146312977174338,[-3.088454963163919, 2.146312977174338],0.5893162961173762,False,True,0.6018667731923388,24,23.11822180235112,205.521,in_progress,0.0
83,3.0,2.8303246669820137,1.3305587840399513,-1.2196881845917231,30.0,2.467622368747959,[30.0, 2.467622368747959],0.57915894470675,False,True,0.632778703493253,24,23.11822180235112,205.602,in_progress,0.0
83,4.0,2.853467355946348,1.3285489869478022,-1.609414320483122,-30.0,3.0,[-30.0, 3.0],0.561055524760731,False,True,0.7189436319160775,24,23.11822180235112,205.664,in_progress,0.0
83,5.0,2.889282185489587,1.3263599532915116,-1.9365946001478949,-30.0,2.546718147787517,[-30.0, 2.546718147787517],0.5180109434575673,False,True,0.8692637318068186,24,23.11822180235112,205.737,in_progress,0.0
83,6.0,2.9488599251236143,1.317915678465023,-3.456215841349137,-12.600213810309032,2.2339900656634804,[-12.600213810309032, 2.2339900656634804],0.47958207269634046,False,True,1.1257115302260452,25,23.11822180235112,205.798,in_progress,0.0
83,7.0,3.0049111901665957,1.3066608473241386,-5.314275403953506,-30.0,1.5,[-30.0, 1.5],0.9566802042105267,False,True,1.335478611730112,25,23.11822180235112,205.868,in_progress,0.0
83,8.0,3.078476449854558,1.2852175942037567,-8.56254857961935,-23.065038783585198,1.7495295330682064,[-23.065038783585198, 1.7495295330682064],0.9149313973188792,False,True,1.6596956736796231,25,23.11822180235112,205.936,in_progress,0.0
83,9.0,3.1594650325078715,1.2538066513828856,-12.756294838446678,30.0,3.0,[30.0, 3.0],0.3898806006065195,False,True,1.9862454223011694,26,23.11822180235112,206.0,in_progress,0.0
83,10.0,3.248728852998192,1.2160225512040097,-16.382941259314542,30.0,1.7713495595699147,[30.0, 1.7713495595699147],0.8446981416765327,False,True,2.386939322835324,27,23.11822180235112,206.061,in_progress,0.0
83,11.0,3.35904292644658,1.1780916798072523,-17.507460900403082,-12.503564900371387,2.126623087907705,[-12.503564900371387, 2.126623087907705],0.28238091470200444,False,True,2.7819824281470176,27,23.11822180235112,206.124,in_progress,0.0
83,12.0,3.477358740819944,1.1350077913300196,-18.745038854899413,-5.9014319255870475,2.0650772838291354,[-5.9014319255870475, 2.0650772838291354],2.5218055721768593,False,True,3.273625071377789,28,23.11822180235112,206.203,in_progress,0.0
83,13.0,3.5928185372516173,1.0880693148739782,-20.29374788249682,-14.022422794527392,1.5,[-14.022422794527392, 1.5],0.6688916810244567,False,True,3.663092292742462,29,23.11822180235112,206.268,in_progress,0.0
83,14.0,3.703035906720227,1.0384172616231426,-22.03377246422405,22.12786817191322,1.581251830672758,[22.12786817191322, 1.581251830672758],0.6264984834916723,False,True,4.069549180815274,29,23.11822180235112,206.333,in_progress,0.0
83,15.0,3.8090948260969673,0.9867850938923208,-23.72389836572689,14.047847987730279,1.5,[14.047847987730279, 1.5],0.5902558557586586,False,True,4.52130665007078,30,23.11822180235112,206.401,in_progress,0.0
83,16.0,3.9155735111654115,0.9366614189268926,-24.310640680050145,-30.0,2.277675316532105,[-30.0, 2.277675316532105],0.060467020650106895,False,True,5.085333433216172,31,23.11822180235112,206.432,in_progress,0.0
83,17.0,4.012854096444845,0.8886263248775096,-25.17065397624665,29.923306170010257,2.4133347458702015,[29.923306170010257, 2.4133347458702015],0.041426863472962205,False,True,5.722844324294235,32,23.11822180235112,206.535,in_progress,0.0
83,18.0,4.137927984744625,0.8201207694138395,-26.920999741429164,-26.722369844050856,2.1905818884798904,[-26.722369844050856, 2.1905818884798904],0.001,False,False,6.764099787820435,33,23.11822180235112,206.601,in_progress,0.0
83,19.0,4.250149368630273,0.7551023307215388,-28.462338615938656,1.5547648951902602,1.5,[1.5547648951902602, 1.5],0.3308691454838848,False,False,7.53159568081963,34,23.11822180235112,206.667,in_progress,0.0
83,20.0,4.368057463204079,0.6829527104134757,-29.960893521207943,-21.396991545309106,2.32033883471205,[-21.396991545309106, 2.32033883471205],0.001,False,False,8.322859891785441,36,23.11822180235112,206.734,in_progress,0.0
83,21.0,4.473655842507048,0.6118637365187646,-31.883571827173597,-25.151625962031112,1.658026728162081,[-25.151625962031112, 1.658026728162081],0.0649183586778963,False,False,9.036279758084062,37,23.11822180235112,206.798,in_progress,0.0
83,22.0,4.580040465270102,0.5268726064465606,-35.157167327043304,-0.36141039850879153,2.026314664801101,[-0.36141039850879153, 2.026314664801101],0.4061254533979401,False,True,9.72286332885837,38,23.11822180235112,206.866,in_progress,0.0
83,23.0,4.685232551992272,0.4304164797097715,-38.773782568082865,30.0,1.972563004842793,[30.0, 1.972563004842793],0.17270072077652154,False,True,10.34529557945308,40,23.11822180235112,206.932,in_progress,0.0
83,24.0,4.770642073413763,0.3506888766879402,-40.54010207141724,-0.6424563717761451,1.5,[-0.6424563717761451, 1.5],1.050966034486293,False,True,10.801027933454165,40,23.11822180235112,207.0,in_progress,0.0
83,25.0,4.871762874618849,0.2644839323580558,-40.56116482896302,24.92751762656522,2.1333979009178816,[24.92751762656522, 2.1333979009178816],0.38764048607339063,False,True,11.248755779224123,41,23.11822180235112,207.067,in_progress,0.0
83,26.0,4.969161709148047,0.18570392861811985,-39.75256376796781,30.0,1.5,[30.0, 1.5],1.083787539651215,False,True,11.621488777016292,42,23.11822180235112,207.126,in_progress,0.0
83,27.0,5.067971746010099,0.12379062299529811,-36.50010987916719,-0.8956049599750067,2.5747488278390245,[-0.8956049599750067, 2.5747488278390245],0.6510922057953843,False,True,11.975436851266934,42,23.11822180235112,207.199,in_progress,0.0
83,28.0,5.184711600381596,0.061504478042768304,-32.505805604371254,27.440426372400587,2.0900705835228424,[27.440426372400587, 2.0900705835228424],0.23702109576182073,False,True,12.41008836540043,43,23.11822180235112,207.266,in_progress,0.0
83,29.0,5.3178681375261165,0.006201161291726126,-27.513627894125275,-30.0,1.9847991634011128,[-30.0, 1.9847991634011128],0.1530032370566199,False,True,12.791400283017907,44,23.11822180235112,207.322,in_progress,0.0
83,30.0,5.441708086004102,-0.036052640003693126,-23.461945328350257,-30.0,1.5,[-30.0, 1.5],0.5960734175416477,False,True,13.093922529311453,44,23.11822180235112,207.397,in_progress,0.0
83,31.0,5.565467953843618,-0.07762644096380494,-21.167001726065934,28.54050424041757,2.5579637827056043,[28.54050424041757, 2.5579637827056043],0.04381861107712748,False,True,13.488736007317243,45,23.11822180235112,207.462,in_progress,0.0
83,32.0,5.69977318167954,-0.12026543103092785,-19.419940756358173,20.986246941933054,2.3960958120735145,[20.986246941933054, 2.3960958120735145],0.001,False,False,13.755947909775557,45,23.11822180235112,207.529,in_progress,0.0
83,33.0,5.851590764390837,-0.15713880516569675,-16.38705197081744,20.188154917216167,2.235431487034819,[20.188154917216167, 2.235431487034819],0.001,False,False,14.25044975624531,46,23.11822180235112,207.603,in_progress,0.0
83,34.0,5.986154047646465,-0.182471082842917,-13.60466589697155,8.582152090656855,2.052636227711612,[8.582152090656855, 2.052636227711612],0.001,False,False,14.54808394410579,46,23.11822180235112,207.666,in_progress,0.0
83,35.0,6.127292157224659,-0.203133057736118,-11.039546279201264,-30.0,1.5086731698852702,[-30.0, 1.5086731698852702],0.001,True,False,15.017626669015394,47,23.11822180235112,207.73,off_track,0.0
84,1.0,3.6751906019714697,0.5775219587735588,-49.972965327830856,30.0,1.955908800757743,[30.0, 1.955908800757743],0.0,False,True,0.6042034102671678,32,23.11822180235112,207.869,prepare,0.0
84,2.0,3.67510178042846,0.5776250912041673,-49.973340776414155,30.0,2.6612140788213345,[30.0, 2.6612140788213345],0.6435990362923572,False,True,0.6036172190106437,32,23.11822180235112,207.937,in_progress,0.0
84,3.0,3.6808053156161322,0.5713208941482634,-49.79637025460219,21.0111884026199,1.8472415517120542,[21.0111884026199, 1.8472415517120542],0.637684857337302,False,True,0.6403035599337664,32,23.11822180235112,208.016,in_progress,0.0
84,4.0,3.6984066122086223,0.5535306898195288,-49.286892942153486,26.754339946380405,1.5,[26.754339946380405, 1.5],1.1318517061561189,False,True,0.7485238267120969,32,23.11822180235112,208.06,in_progress,0.0
84,5.0,3.726744041906362,0.5285366854563813,-48.04896054145635,-25.601357263311897,2.499285033836557,[-25.601357263311897, 2.499285033836557],0.6475996208915247,False,True,0.9079894658395232,32,23.11822180235112,208.124,in_progress,0.0
84,6.0,3.7663296951310907,0.4944701449799608,-46.48752602058409,-15.52673149676429,2.1979406114074527,[-15.52673149676429, 2.1979406114074527],0.6214923498111666,False,True,1.1335922332063486,32,23.11822180235112,208.202,in_progress,0.0
84,7.0,3.818463289233314,0.4453927025438863,-45.61262990414701,30.0,2.1884363070613606,[30.0, 2.1884363070613606],0.5721972837347233,False,True,1.4418584302132746,33,23.11822180235112,208.271,in_progress,0.0
84,8.0,3.886811608831889,0.3881009743401699,-43.66492442830818,7.947486961697862,1.5322448494544605,[7.947486961697862, 1.5322448494544605],1.3217302644678703,False,True,1.8158246180198956,33,23.11822180235112,208.333,in_progress,0.0
84,9.0,3.962342779904022,0.33114469743014063,-41.30481582880526,-22.468527697498676,1.5,[-22.468527697498676, 1.5],0.9867534705246123,False,True,2.2131995296677336,34,23.11822180235112,208.391,in_progress,0.0
84,10.0,4.045857587605738,0.26608740444103973,-40.08368142031139,-0.6249481259147878,1.5,[-0.6249481259147878, 1.5],1.222481661842426,False,True,2.6546349526317377,35,23.11822180235112,208.463,in_progress,0.0
84,11.0,4.125483616718624,0.2009882266413468,-39.764525519168096,-25.90557804944261,2.021662765056236,[-25.90557804944261, 2.021662765056236],0.36249436242458233,False,True,3.0500045741698623,35,23.11822180235112,208.529,in_progress,0.0
84,12.0,4.208265992844285,0.13152091893491574,-39.9812140520624,-30.0,1.8910195746966745,[-30.0, 1.8910195746966745],0.30410973108913264,False,True,3.4892721892667815,36,23.11822180235112,208.602,in_progress,0.0
84,13.0,4.2891706622891865,0.04461022196537408,-43.097552403169665,23.987648045902105,2.7103906738978587,[23.987648045902105, 2.7103906738978587],0.22932934129522287,False,True,3.8670620088505245,37,23.11822180235112,208.669,in_progress,0.0
84,14.0,4.361209231846459,-0.045003363990752845,-46.539633475432225,3.1208944825476763,1.5,[3.1208944825476763, 1.5],0.9659309779101262,False,True,4.173435978505902,37,23.11822180235112,208.732,in_progress,0.0
84,15.0,4.443643206409426,-0.15231993867558125,-49.5198724170152,-15.469961433267704,2.6271057153739847,[-15.469961433267704, 2.6271057153739847],0.09854306527839285,False,True,4.574099206309068,38,23.11822180235112,208.8,in_progress,0.0
84,16.0,4.512528523653752,-0.2523658705117948,-52.19179979308098,0.2830710671055634,3.0,[0.2830710671055634, 3.0],0.34609518157742286,False,True,4.8268533212142195,39,23.11822180235112,208.867,in_progress,0.0
84,17.0,4.591545023605181,-0.38414175229333924,-55.757217602407394,15.067844267395927,1.5,[15.067844267395927, 1.5],0.001,False,False,5.110355443489306,39,23.11822180235112,208.931,in_progress,0.0
84,18.0,4.662701972425652,-0.5016907579020354,-57.40911705270397,-30.0,2.448403953938686,[-30.0, 2.448403953938686],0.001,False,False,5.442303621712413,40,23.11822180235112,209.002,in_progress,0.0
84,19.0,4.7413151726061225,-0.6439645691098504,-59.57652630439887,-22.732865439636228,2.4416815472928532,[-22.732865439636228, 2.4416815472928532],0.001,True,False,5.480264856890448,40,23.11822180235112,209.067,off_track,0.0
85,1.0,4.733478289112842,0.178160731292728,-2.7730641656108808,-28.47117848676084,2.4701254147487424,[-28.47117848676084, 2.4701254147487424],0.0,False,True,0.6057329754933505,40,23.11822180235112,209.204,prepare,0.0
85,2.0,4.733308125555212,0.1782752432187909,-2.762933430266558,-30.0,1.9555059531459889,[-30.0, 1.9555059531459889],0.7321970293430511,False,True,0.6050207544662622,40,23.11822180235112,209.271,in_progress,0.0
85,3.0,4.7416111011717295,0.1801068372721475,-2.192221381578773,30.0,2.520645828815198,[30.0, 2.520645828815198],0.7778606198548709,False,True,0.6412656924131899,40,23.11822180235112,209.332,in_progress,0.0
85,4.0,4.76217151484522,0.17806599544174578,-2.5194338377835406,21.74238366411798,3.0,[21.74238366411798, 3.0],0.7004166427171499,False,True,0.7296947637665807,40,23.11822180235112,209.397,in_progress,0.0
85,5.0,4.801494069759912,0.1748603884940695,-2.877574485300406,30.0,2.7420462111484216,[30.0, 2.7420462111484216],0.6363065735135364,False,True,0.8989590042326578,41,23.11822180235112,209.468,in_progress,0.0
85,6.0,4.857336177498229,0.17358186433645642,-2.5715965646522116,15.918442184273673,3.0,[15.918442184273673, 3.0],0.6027495014770632,False,True,1.1350854981094172,41,23.11822180235112,209.527,in_progress,0.0
85,7.0,4.922887744068639,0.17678681203035207,-1.192983314834753,0.2820968807352422,2.26665578271124,[0.2820968807352422, 2.26665578271124],0.8669906774331595,False,True,1.4179892885628265,41,23.11822180235112,209.6,in_progress,0.0
85,8.0,5.003868859002265,0.1814787874100965,0.23575599456323376,21.40786039903672,1.5,[21.40786039903672, 1.5],1.0357722251576464,False,True,1.7679006397722574,42,23.11822180235112,209.663,in_progress,0.0
85,9.0,5.104106338412475,0.18964314360631748,1.8814815308601365,30.0,2.1082100242063504,[30.0, 2.1082100242063504],0.48317187180955823,False,True,2.1897104470309845,43,23.11822180235112,209.734,in_progress,0.0
85,10.0,5.208828026157715,0.20702150076719045,4.86881507165385,-5.602227480785448,2.528536392461847,[-5.602227480785448, 2.528536392461847],0.749866583583054,False,True,2.6259881475362015,43,23.11822180235112,209.796,in_progress,0.0
85,11.0,5.32262446678424,0.23999424147136525,9.803190676403316,18.200178720839318,2.867533745423282,[18.200178720839318, 2.867533745423282],0.4328550239262642,False,True,3.1131203286761777,44,23.11822180235112,209.869,in_progress,0.0
85,12.0,5.451902735037476,0.2902789312363585,15.444495524772638,16.625138337255827,2.70661743334367,[16.625138337255827, 2.70661743334367],0.4116694228929596,False,True,3.711952611679509,45,23.11822180235112,209.926,in_progress,0.0
85,13.0,5.5947520761495815,0.36255369701706586,22.21610686015996,30.0,3.0,[30.0, 3.0],0.3981826673299834,False,True,4.382430694382055,46,23.11822180235112,210.0,in_progress,0.0
85,14.0,5.722504194086225,0.441384361193389,27.894029618916626,-30.0,2.8538900537882763,[-30.0, 2.8538900537882763],0.39634538295703214,False,True,5.016978335751254,47,23.11822180235112,210.067,in_progress,0.0
85,15.0,5.86704373572297,0.548775911657791,34.41616037645592,-19.05980161759912,2.8132021746022335,[-19.05980161759912, 2.8132021746022335],0.4086731531303833,False,True,5.768901805011456,48,23.11822180235112,210.134,in_progress,0.0
85,16.0,6.002882151562423,0.6670918847265646,40.1130740365206,-7.1015604504433085,1.7210878223132302,[-7.1015604504433085, 1.7210878223132302],0.7330082860603673,False,True,6.537006100597403,49,23.11822180235112,210.199,in_progress,0.0
85,17.0,6.116725485015524,0.7845344300680721,46.00769577917382,9.714385504236652,2.3075147316598357,[9.714385504236652, 2.3075147316598357],2.7798133691831506,False,True,7.2344708733681875,50,23.11822180235112,210.262,in_progress,0.0
85,18.0,6.234037908462775,0.92171882301185,50.66262124547217,11.959772403050678,2.7914589260528397,[11.959772403050678, 2.7914589260528397],0.5786722428488897,False,True,8.005948234517179,52,23.11822180235112,210.33,in_progress,0.0
85,19.0,6.324509366634778,1.0408768387573397,52.74693741769446,3.3842431256000793,1.9211011209504707,[3.3842431256000793, 1.9211011209504707],0.9775135482949111,False,True,8.645116001202302,52,23.11822180235112,210.398,in_progress,0.0
85,20.0,6.4100455709995705,1.1724256166325124,55.01966249373137,8.898456979548968,1.7082048576816842,[8.898456979548968, 1.7082048576816842],0.7875664486177176,False,True,9.312775931320427,54,23.11822180235112,210.466,in_progress,0.0
85,21.0,6.479948830152833,1.3021049756433276,58.421344816816465,-28.75777734757061,1.5,[-28.75777734757061, 1.5],0.38920381580656227,False,True,9.934924799893373,54,23.11822180235112,210.534,in_progress,0.0
85,22.0,6.534474747948761,1.4297836692212602,62.539326249998425,5.574891968063611,2.615250026834421,[5.574891968063611, 2.615250026834421],2.613078479017341,False,True,10.513952152716023,55,23.11822180235112,210.602,in_progress,0.0
85,23.0,6.589596071709127,1.5632871358966085,65.04325108542969,7.317987548769281,1.910145046989119,[7.317987548769281, 1.910145046989119],0.5554805406895549,False,True,11.122047464996276,56,23.11822180235112,210.666,in_progress,0.0
85,24.0,6.632615758935401,1.6908030022865288,68.02338107833782,11.136831717420698,2.3970192870216347,[11.136831717420698, 2.3970192870216347],0.20607645304939237,False,True,11.684868676757088,57,23.11822180235112,210.731,in_progress,0.0
85,25.0,6.669201250471115,1.8260862653043677,71.34608951766725,30.0,2.486286358470283,[30.0, 2.486286358470283],0.1584871427894493,False,True,12.265073040564767,58,23.11822180235112,210.799,in_progress,0.0
85,26.0,6.697073970341039,1.9834463244070653,76.06446747867157,-0.6171837444504327,1.5,[-0.6171837444504327, 1.5],0.40598087657322884,False,True,12.8794122048484,59,23.11822180235112,210.866,in_progress,0.0
85,27.0,6.7081254380445445,2.1285813989411397,81.30887310862961,0.5949091546238598,3.0,[0.5949091546238598, 3.0],2.3593516796641265,False,True,13.442996960283631,60,23.11822180235112,210.934,in_progress,0.0
85,28.0,6.706336345867746,2.2753562560271168,86.136788962061,30.0,1.9208733865734526,[30.0, 1.9208733865734526],0.001,False,False,13.991144411875183,61,23.11822180235112,210.998,in_progress,0.0
85,29.0,6.690373029959789,2.4211816096009136,92.0745359459932,-2.8955238145827664,1.8839833069525904,[-2.8955238145827664, 1.8839833069525904],0.001,False,False,14.512786251145327,61,23.11822180235112,211.058,in_progress,0.0
85,30.0,6.6647721326772515,2.569750578160148,96.76320488728508,30.0,2.192023761095818,[30.0, 2.192023761095818],0.001,False,False,15.03225748739162,62,23.11822180235112,211.137,in_progress,0.0
85,31.0,6.63015215508955,2.7062316895784697,100.47313727742342,20.149139691555632,1.7324404793215074,[20.149139691555632, 1.7324404793215074],0.001,True,False,15.444190887245163,63,23.11822180235112,211.192,off_track,0.0
86,1.0,5.800057841456334,0.573900563691929,32.16800690803491,-30.0,2.51490102069062,[-30.0, 2.51490102069062],0.0,False,True,0.6053196124368998,48,23.11822180235112,211.332,prepare,0.0
86,2.0,5.800102352007776,0.5737062869303671,32.1195154152934,-16.03129771514586,3.0,[-16.03129771514586, 3.0],0.6761616290355312,False,True,0.6049986925865669,48,23.11822180235112,211.402,in_progress,0.0
86,3.0,5.80317945490201,0.5806008733283431,33.0249465647001,8.590505514496364,1.8665761704351507,[8.590505514496364, 1.8665761704351507],1.0539433407741179,False,True,0.6329365220997696,48,23.11822180235112,211.47,in_progress,0.0
86,4.0,5.816842005520477,0.5938533817488496,34.01985357165043,30.0,1.9677465114583843,[30.0, 1.9677465114583843],0.7878558149144543,False,True,0.7143861473820845,48,23.11822180235112,211.532,in_progress,0.0
86,5.0,5.8397147028037075,0.6180250252242647,35.790644740904426,30.0,1.5,[30.0, 1.5],0.668497360316239,False,True,0.8564539376588742,48,23.11822180235112,211.599,in_progress,0.0
86,6.0,5.871454310067568,0.6589288337773371,39.13500094387625,-30.0,2.239829774323873,[-30.0, 2.239829774323873],0.561408059943082,False,True,1.0728987544939839,49,23.11822180235112,211.666,in_progress,0.0
86,7.0,5.908589777423947,0.7098817536025085,42.771287902889156,-30.0,2.945740645714605,[-30.0, 2.945740645714605],0.4841985153310492,False,True,1.3342559953817001,49,23.11822180235112,211.732,in_progress,0.0
86,8.0,5.962687160557067,0.7759705044502513,45.32802665278911,4.521120197771545,1.7825127437044301,[4.521120197771545, 1.7825127437044301],0.7348992979277378,False,True,1.7033946068706618,50,23.11822180235112,211.785,in_progress,0.0
86,9.0,6.024698794445438,0.8518911356141244,47.36067828799214,-30.0,2.693377230350845,[-30.0, 2.693377230350845],0.39293632709527937,False,True,2.130528374645846,50,23.11822180235112,211.866,in_progress,0.0
86,10.0,6.097790293441533,0.9345742824141055,47.74865485722956,30.0,1.5845842089196116,[30.0, 1.5845842089196116],0.36692464561678584,False,True,2.6044457401987184,51,23.11822180235112,211.935,in_progress,0.0
86,11.0,6.173374733365351,1.0152607447590847,47.366977556573445,19.044518833106245,2.653316198541058,[19.044518833106245, 2.653316198541058],0.3540513797281415,False,True,3.0929342762998804,52,23.11822180235112,212.01,in_progress,0.0
86,12.0,6.256124309625339,1.1131775503870622,48.44934465280252,30.0,2.8453469843013695,[30.0, 2.8453469843013695],0.3334911372225793,False,True,3.6560338343730847,53,23.11822180235112,212.07,in_progress,0.0
86,13.0,6.336053966494173,1.2205837519899927,50.7900938661669,-29.20849745082008,2.0294939613889733,[-29.20849745082008, 2.0294939613889733],0.30626967588725296,False,True,4.242062229696125,53,23.11822180235112,212.132,in_progress,0.0
86,14.0,6.414367888937293,1.3431712401461842,54.10142714290508,30.0,2.6293699994718738,[30.0, 2.6293699994718738],0.2713292601421725,False,True,4.87507552980423,54,23.11822180235112,212.198,in_progress,0.0
86,15.0,6.492079038728147,1.4714480749653729,56.54855423272599,19.516204210269557,1.8537453477032895,[19.516204210269557, 1.8537453477032895],0.23984483402499268,False,True,5.529548354189961,55,23.11822180235112,212.27,in_progress,0.0
86,16.0,6.555545564664267,1.5995452657085774,60.09031730385949,19.24103534250431,3.0,[19.24103534250431, 3.0],0.20482422788742727,False,True,6.148483382153041,56,23.11822180235112,212.334,in_progress,0.0
86,17.0,6.608422485935524,1.7259281647593587,63.67873937519476,-19.75499182318459,1.87788648283854,[-19.75499182318459, 1.87788648283854],0.17034501650112266,False,True,6.7386003758377555,57,23.11822180235112,212.391,in_progress,0.0
86,18.0,6.660824693432051,1.8808112367420733,67.94666055008759,4.042597388838047,1.7601598675983305,[4.042597388838047, 1.7601598675983305],0.4287576208637803,False,True,7.431319882920184,58,23.11822180235112,212.467,in_progress,0.0
86,19.0,6.696366769741561,2.0082627429971676,71.08198432635999,-30.0,2.000136284119142,[-30.0, 2.000136284119142],0.09614158374647819,False,True,7.993033564807833,59,23.11822180235112,212.535,in_progress,0.0
86,20.0,6.734697914174169,2.1436254821260703,72.5372730110461,22.589300418959823,1.7447483573677465,[22.589300418959823, 1.7447483573677465],0.06657120942778194,False,True,8.595872921143622,60,23.11822180235112,212.597,in_progress,0.0
86,21.0,6.769121529401998,2.27588003979683,73.97912545556261,2.3197459756596928,1.7385100144165007,[2.3197459756596928, 1.7385100144165007],0.3400610556041887,False,True,9.149355429731026,61,23.11822180235112,212.653,in_progress,0.0
86,22.0,6.796427035182944,2.4167703848332844,76.52349147745399,16.63533364386518,2.9669659555879253,[16.63533364386518, 2.9669659555879253],0.001,False,False,9.75447515776548,62,23.11822180235112,212.731,in_progress,0.0
86,23.0,6.8128458711217785,2.528736191476541,78.67715547631332,6.639400210506217,1.5,[6.639400210506217, 1.5],0.001,False,False,10.234610534962552,63,23.11822180235112,212.794,in_progress,0.0
86,24.0,6.821568317578399,2.6648032434552125,82.9231877915486,-8.61519105586218,2.8491581895510842,[-8.61519105586218, 2.8491581895510842],1.760121715027561,False,False,10.79258473812265,63,23.11822180235112,212.869,in_progress,0.0
86,25.0,6.828408878321362,2.820319506624505,85.2420776082481,-30.0,1.5,[-30.0, 1.5],0.001,False,False,11.429510708149493,64,23.11822180235112,212.929,in_progress,0.0
86,26.0,6.842107908109875,2.9628853420434824,84.91515763720965,30.0,1.5,[30.0, 1.5],0.001,True,False,12.045042233427683,65,23.11822180235112,212.994,off_track,0.0
87,1.0,6.639416607278915,1.3667788162657448,47.63212800369795,12.833080053471171,2.615693637672636,[12.833080053471171, 2.615693637672636],0.0,False,True,0.606295843003607,55,23.11822180235112,213.123,prepare,0.0
87,2.0,6.639046950624541,1.3669366697674983,47.77755929114077,5.065794578506853,2.7168224709750692,[5.065794578506853, 2.7168224709750692],3.0741100255653944,False,True,0.6057614446303539,55,23.11822180235112,213.191,in_progress,0.0
87,3.0,6.643705972267829,1.3711433511519973,47.59887381720947,-0.9004740035769672,1.5,[-0.9004740035769672, 1.5],1.0482480270866275,False,True,0.6327173781927042,56,23.11822180235112,213.262,in_progress,0.0
87,4.0,6.657492777697861,1.387684129136008,47.78187132948834,-30.0,3.0,[-30.0, 3.0],0.7628587492709576,False,True,0.7258398199393445,56,23.11822180235112,213.295,in_progress,0.0
87,5.0,6.681020959510517,1.4176597122815595,48.452169286838895,30.0,2.6593633104463956,[30.0, 2.6593633104463956],0.8546585390323699,False,True,0.8904629152056365,56,23.11822180235112,213.399,in_progress,0.0
87,6.0,6.717529248782337,1.45878115010925,48.39249249971595,27.65427752000579,2.3679592228991613,[27.65427752000579, 2.3679592228991613],0.777637116714476,False,True,1.1282340223685128,56,23.11822180235112,213.478,in_progress,0.0
87,7.0,6.761223558894105,1.5106706499027445,48.77313506678766,8.337453660244769,2.069479588321633,[8.337453660244769, 2.069479588321633],3.0613954349172037,False,True,1.4216588239044925,57,23.11822180235112,213.532,in_progress,0.0
87,8.0,6.814162969217139,1.578354620580823,49.78123351521843,-28.733309428274197,3.0,[-28.733309428274197, 3.0],0.8662142401388748,False,True,1.7932157046644082,57,23.11822180235112,213.596,in_progress,0.0
87,9.0,6.866751137642282,1.6430641732414832,50.092732220186186,30.0,2.4210514749264394,[30.0, 2.4210514749264394],0.7903531415020321,False,True,2.153880432806665,58,23.11822180235112,213.666,in_progress,0.0
87,10.0,6.944292689085896,1.740183618236418,50.69489276111321,30.0,2.952534717700431,[30.0, 2.952534717700431],0.718308982659354,False,True,2.6912490936206455,59,23.11822180235112,213.744,in_progress,0.0
87,11.0,7.013156605834101,1.8420182432401344,53.03171577837414,18.04169012777465,2.1149048786479123,[18.04169012777465, 2.1149048786479123],0.7472272246611374,False,True,3.2223902329676815,59,23.11822180235112,213.786,in_progress,0.0
87,12.0,7.082821081548188,1.9635128327793903,56.53259044001392,30.0,2.407385078866251,[30.0, 2.407385078866251],0.5801381312601819,False,True,3.8258111067168143,60,23.11822180235112,213.857,in_progress,0.0
87,13.0,7.140173732168331,2.0851579853192477,60.458300916180505,-1.48408212971459,3.0,[-1.48408212971459, 3.0],2.7802510282909365,False,True,4.401861745460805,61,23.11822180235112,213.931,in_progress,0.0
87,14.0,7.190853642925585,2.2214061828335647,65.27519756451592,-30.0,2.070958853523729,[-30.0, 2.070958853523729],0.392055804071613,False,True,5.01784133358062,62,23.11822180235112,213.99,in_progress,0.0
87,15.0,7.2381557224793776,2.378326876292008,70.43814636347267,-26.340292359297862,3.0,[-26.340292359297862, 3.0],0.31345614979113123,False,True,5.70636767834653,63,23.11822180235112,214.065,in_progress,0.0
87,16.0,7.281801700530687,2.5244880962913863,72.46932587812599,18.742497005958356,2.318752769002161,[18.742497005958356, 2.318752769002161],0.26124342319806615,False,True,6.353668943145668,64,23.11822180235112,214.113,in_progress,0.0
87,17.0,7.326867880859398,2.679301667091301,73.25766737258498,-30.0,2.3781392287844727,[-30.0, 2.3781392287844727],0.217636602308089,False,True,7.042400752363475,65,23.11822180235112,214.199,in_progress,0.0
87,18.0,7.372165810525792,2.834953177519237,73.43516176110266,-20.483506475971527,2.9540260134763936,[-20.483506475971527, 2.9540260134763936],0.1826111393051335,False,True,7.741066140295666,66,23.11822180235112,214.263,in_progress,0.0
87,19.0,7.426007106788121,2.993849418343762,72.15376888291138,17.491093547255197,3.0,[17.491093547255197, 3.0],0.15860592819574526,False,True,8.475654608378719,68,23.11822180235112,214.335,in_progress,0.0
87,20.0,7.483329266821714,3.1574983910953747,71.29372558185824,4.028812604823173,2.4174042115333867,[4.028812604823173, 2.4174042115333867],2.4396652115875246,False,True,9.24026036925264,69,23.11822180235112,214.401,in_progress,0.0
87,21.0,7.54226228222388,3.3287266768453154,71.167436025497,5.611052683116796,2.7919515451632946,[5.611052683116796, 2.7919515451632946],2.4231863921685557,False,True,10.041717932607575,70,23.11822180235112,214.461,in_progress,0.0
87,22.0,7.596258868938502,3.5000033494216396,71.94515314680758,-30.0,1.5,[-30.0, 1.5],0.10770596757944806,False,True,10.867982512074532,71,23.11822180235112,214.522,in_progress,0.0
87,23.0,7.646220490578584,3.6573426810153804,72.57483339238912,26.753274423122008,2.3320575286903598,[26.753274423122008, 2.3320575286903598],0.09680268515149881,False,True,11.607847669795168,72,23.11822180235112,214.598,in_progress,0.0
87,24.0,7.696151823031418,3.808308295050709,72.14264335521854,30.0,2.4071246312382284,[30.0, 2.4071246312382284],0.0899771707246132,False,True,12.326461625310092,73,23.11822180235112,214.651,in_progress,0.0
87,25.0,7.741165248021158,3.9661804776523426,73.20257154193074,-10.769788251875308,2.575435072301907,[-10.769788251875308, 2.575435072301907],2.381390674761069,False,True,13.07234494393869,75,23.11822180235112,214.73,in_progress,0.0
87,26.0,7.778624582193411,4.134084737473448,75.60067760564074,-11.166708284778956,1.5,[-11.166708284778956, 1.5],0.5697530792538796,False,True,13.856761284257585,76,23.11822180235112,214.802,in_progress,0.0
87,27.0,7.8065237895397,4.288243025029117,77.75978956713712,30.0,2.305138371741373,[30.0, 2.305138371741373],0.058971404305193764,False,True,14.582528216890623,77,23.11822180235112,214.86,in_progress,0.0
87,28.0,7.831891683093638,4.435913448540336,79.0700956498687,6.895292972838789,1.5,[6.895292972838789, 1.5],0.8512931552200955,False,True,15.357978892896051,78,23.11822180235112,214.936,in_progress,0.0
87,29.0,7.845104674905819,4.576137025369078,81.91441547693056,22.130244198874223,2.7119306802077983,[22.130244198874223, 2.7119306802077983],0.041619215047567715,False,True,16.039138540209763,79,23.11822180235112,214.994,in_progress,0.0
87,30.0,7.849880645109407,4.71199024193753,84.89990503410858,17.796898647741855,1.5,[17.796898647741855, 1.5],0.03128335004112903,False,False,16.70923147892952,80,23.11822180235112,215.066,in_progress,0.0
87,31.0,7.839666143843806,4.872140894874323,89.97328996081472,-22.80953656682047,1.5,[-22.80953656682047, 1.5],0.01603985558888732,False,False,17.515955542909367,81,23.11822180235112,215.134,in_progress,0.0
87,32.0,7.822378789232866,4.993348621217677,93.66018252582363,30.0,2.3958103684624383,[30.0, 2.3958103684624383],0.001,False,False,18.203866204596373,82,23.11822180235112,215.203,in_progress,0.0
87,33.0,7.803033236767784,5.11874758246433,95.95419265477065,-27.11050120727736,1.9509039146929765,[-27.11050120727736, 1.9509039146929765],0.001,False,False,18.956127024319457,84,23.11822180235112,215.268,in_progress,0.0
87,34.0,7.771816384967449,5.269553472636296,98.84880779222594,-30.0,1.679186562844515,[-30.0, 1.679186562844515],0.001,False,False,20.26325220052999,86,23.11822180235112,215.324,in_progress,0.0
87,35.0,7.754997886349915,5.380624821078587,98.74823310619462,30.0,2.614091191534853,[30.0, 2.614091191534853],0.001,False,False,21.56713352579559,88,23.11822180235112,215.399,in_progress,0.0
87,36.0,7.737424467343093,5.520719761054698,97.91934919347865,-19.73154823843396,3.0,[-19.73154823843396, 3.0],0.001,False,False,22.357527487968976,89,23.11822180235112,215.463,in_progress,0.0
87,37.0,7.71717088813586,5.666369028397664,97.85262463833514,20.209604842309908,1.8910335897142514,[20.209604842309908, 1.8910335897142514],0.14989226272772893,False,True,22.970093157395844,90,23.11822180235112,215.532,in_progress,0.0
87,38.0,7.693587067318685,5.815442747915277,98.5041170168722,-21.80153585585122,1.8611272603427258,[-21.80153585585122, 1.8611272603427258],0.26599790228745257,False,True,23.462895374769243,90,23.11822180235112,215.597,in_progress,0.0
87,39.0,7.670913813015571,5.958641382812237,98.7642154355292,-30.0,1.5,[-30.0, 1.5],1.0009500569688834,False,True,23.81701771658382,91,23.11822180235112,215.666,in_progress,0.0
87,40.0,7.6590069153744516,6.081466572241332,97.31140324474433,-8.538803056595011,1.5,[-8.538803056595011, 1.5],1.1794091477648776,False,True,24.039976917236704,91,23.11822180235112,215.73,in_progress,0.0
87,41.0,7.653570893702577,6.206817565482665,95.19076236240689,-30.0,2.2723516190540143,[-30.0, 2.2723516190540143],0.22159778898924287,False,True,24.240079462207486,92,23.11822180235112,215.8,in_progress,0.0
87,42.0,7.657250348479789,6.326390607666339,92.14348400525988,-16.93270858624195,2.6887325041874575,[-16.93270858624195, 2.6887325041874575],0.12683037260381813,False,True,24.39473490667575,92,23.11822180235112,215.869,in_progress,0.0
87,43.0,7.673512862181431,6.460830908843819,87.78105346057454,-16.219211519104846,2.25181079947908,[-16.219211519104846, 2.25181079947908],0.04557915890874742,False,True,24.463133336391486,92,23.11822180235112,215.929,in_progress,0.0
87,44.0,7.703931212649876,6.611117225102014,82.92666346837342,-30.0,3.0,[-30.0, 3.0],0.001,False,False,24.463133336391486,92,23.11822180235112,215.999,in_progress,0.0
87,45.0,7.749816640633591,6.761350194677308,77.4000089437692,-30.0,2.8425145990888447,[-30.0, 2.8425145990888447],0.001,False,False,24.463133336391486,92,23.11822180235112,216.062,in_progress,0.0
87,46.0,7.812702754140552,6.914772546734336,71.91656537905773,-30.0,2.0929462686719407,[-30.0, 2.0929462686719407],0.001,True,False,24.463133336391486,92,23.11822180235112,216.131,off_track,0.0
88,1.0,7.3264941618361314,2.29523045025559,56.73060186107472,-30.0,3.0,[-30.0, 3.0],0.0,False,True,0.6063339951537294,63,23.11822180235112,216.259,prepare,0.0
88,2.0,7.326231531618056,2.2951873601099058,56.79214384254454,7.331764053482601,2.4162696309100937,[7.331764053482601, 2.4162696309100937],3.139117963106941,False,True,0.6055700680397458,63,23.11822180235112,216.336,in_progress,0.0
88,3.0,7.330632238013917,2.300988654129739,56.70935147923894,13.95515686437949,1.5739635342927998,[13.95515686437949, 1.5739635342927998],0.7928195301881796,False,True,0.6369507735319802,63,23.11822180235112,216.404,in_progress,0.0
88,4.0,7.346052741525368,2.31979969782905,56.0468879446049,-7.5968902533384295,1.5,[-7.5968902533384295, 1.5],1.0060192038372018,False,True,0.7413616462907613,63,23.11822180235112,216.469,in_progress,0.0
88,5.0,7.37106280955411,2.3473851505973222,54.73649243507609,21.612501980924954,2.4119155348004764,[21.612501980924954, 2.4119155348004764],0.6262140768655343,False,True,0.9000078587864835,64,23.11822180235112,216.534,in_progress,0.0
88,6.0,7.40406358245257,2.383748607626908,53.31204871597893,28.30593486035159,2.7714401302308413,[28.30593486035159, 2.7714401302308413],0.5660618091139376,False,True,1.1092114733044223,64,23.11822180235112,216.6,in_progress,0.0
88,7.0,7.442571862458739,2.4349110226095423,53.22191185359945,-30.0,2.296913570896903,[-30.0, 2.296913570896903],0.5345115371914251,False,True,1.3834290670301341,64,23.11822180235112,216.665,in_progress,0.0
88,8.0,7.492387596024002,2.503373346389692,53.42394318098794,-30.0,3.0,[-30.0, 3.0],0.5047493493491986,False,True,1.7483988377066995,65,23.11822180235112,216.731,in_progress,0.0
88,9.0,7.554923350035386,2.579526775988916,52.39670425993492,30.0,1.5,[30.0, 1.5],0.4539388319113009,False,True,2.1668270539224546,66,23.11822180235112,216.798,in_progress,0.0
88,10.0,7.615544118853319,2.65133755825118,51.55435019833043,15.856434044754081,2.407413374988352,[15.856434044754081, 2.407413374988352],0.4115243588368428,False,True,2.562357804125903,66,23.11822180235112,216.867,in_progress,0.0
88,11.0,7.690600726526394,2.739174099384937,50.59512753239107,18.02627222924435,2.722821745057013,[18.02627222924435, 2.722821745057013],0.36532440893549956,False,True,3.052486479915278,67,23.11822180235112,216.936,in_progress,0.0
88,12.0,7.773070752289091,2.841618696946674,50.93148211896902,23.20438862600424,1.5,[23.20438862600424, 1.5],0.3253698545175644,False,True,3.604801009994818,68,23.11822180235112,217.001,in_progress,0.0
88,13.0,7.843263006583701,2.9494235963264073,53.731835578436566,2.982320044834978,1.899941555471734,[2.982320044834978, 1.899941555471734],0.6070205232830739,False,True,4.149419446930897,69,23.11822180235112,217.067,in_progress,0.0
88,14.0,7.904465085611603,3.055469825925302,56.460907691835374,18.951301284991423,2.787015902299235,[18.951301284991423, 2.787015902299235],0.29716725974882285,False,True,4.667719424396116,69,23.11822180235112,217.135,in_progress,0.0
88,15.0,7.965606036705526,3.1709496685639675,59.136097117147614,3.5823891239027574,2.092712457127682,[3.5823891239027574, 2.092712457127682],2.5907080530641204,False,True,5.221279950377545,70,23.11822180235112,217.198,in_progress,0.0
88,16.0,8.021230876303218,3.2976164141606352,62.62820882166304,27.614360295981406,2.6400815371275876,[27.614360295981406, 2.6400815371275876],0.2941660334122582,False,True,5.808073483730919,71,23.11822180235112,217.264,in_progress,0.0
88,17.0,8.077734419173527,3.446221182941271,66.19256514480348,1.0550065143620735,1.5,[1.0550065143620735, 1.5],0.6047853520737665,False,True,6.484385843896362,72,23.11822180235112,217.332,in_progress,0.0
88,18.0,8.116295383916478,3.581422064845351,70.1698744916149,-28.55828141219093,1.903077544139454,[-28.55828141219093, 1.903077544139454],0.3288051775151375,False,True,7.078638840318424,73,23.11822180235112,217.397,in_progress,0.0
88,19.0,8.14538698689071,3.7121656299861074,73.74599130136976,19.050589554732696,1.5,[19.050589554732696, 1.5],0.36367300400954816,False,True,7.650983761307434,74,23.11822180235112,217.449,in_progress,0.0
88,20.0,8.168591478104506,3.8432395819039646,76.67169536435053,3.91388762713801,2.7340438897228894,[3.91388762713801, 2.7340438897228894],2.711795726943973,False,True,8.20891785227098,75,23.11822180235112,217.541,in_progress,0.0
88,21.0,8.186932829223661,3.980337668808737,79.41696857756016,-8.447207384794712,2.8083468346617413,[-8.447207384794712, 2.8083468346617413],0.7881060425917708,False,True,8.788944911222185,76,23.11822180235112,217.601,in_progress,0.0
88,22.0,8.206508290527692,4.113641090962941,80.45338164815433,30.0,1.5,[30.0, 1.5],1.0892147042767162,False,True,9.360663863346991,77,23.11822180235112,217.665,in_progress,0.0
88,23.0,8.219120195359622,4.244864682075745,82.42258163930458,-30.0,3.0,[-30.0, 3.0],0.6422168879884183,False,True,9.921180879155417,77,23.11822180235112,217.733,in_progress,0.0
88,24.0,8.229953847455828,4.4031982632532465,84.37619097439391,-30.0,1.5,[-30.0, 1.5],0.9882025330543867,False,True,10.60111407747097,78,23.11822180235112,217.785,in_progress,0.0
88,25.0,8.248997023413004,4.5468743842424,83.41904018431882,7.812340155669027,1.5,[7.812340155669027, 1.5],1.2538266701857936,False,True,11.233737681869622,79,23.11822180235112,217.867,in_progress,0.0
88,26.0,8.270332380019315,4.683821891458091,82.2824931169933,30.0,2.474508044744104,[30.0, 2.474508044744104],0.4484829992272814,False,True,11.842511162414231,80,23.11822180235112,217.928,in_progress,0.0
88,27.0,8.289727962185113,4.817940426727215,82.05688233790373,-9.668892667939435,3.0,[-9.668892667939435, 3.0],0.4558732339969941,False,True,12.44079626120747,81,23.11822180235112,217.998,in_progress,0.0
88,28.0,8.30363110686292,4.952394082868589,82.97981622073972,29.78577983479402,2.1772882243261886,[29.78577983479402, 2.1772882243261886],0.46997540037660746,False,True,13.039371810714423,82,23.11822180235112,218.066,in_progress,0.0
88,29.0,8.31288200169329,5.1088938531257115,84.8920858462231,-18.55437948913974,1.8749427034453403,[-18.55437948913974, 1.8749427034453403],0.5092868759951794,False,True,13.729128911057959,83,23.11822180235112,218.133,in_progress,0.0
88,30.0,8.3122132902576,5.245449607348422,87.61245691191408,18.377547987008363,1.7696313810284083,[18.377547987008363, 1.7696313810284083],1.0721368291767988,False,True,14.327637877520822,84,23.11822180235112,218.193,in_progress,0.0
88,31.0,8.305027990273294,5.391123263190258,90.29553245513374,9.540001082813987,1.767251604290092,[9.540001082813987, 1.767251604290092],1.1695714128128163,False,True,14.947673023981473,85,23.11822180235112,218.269,in_progress,0.0
88,32.0,8.288780755037156,5.520981087268134,93.44350537061914,30.0,1.5,[30.0, 1.5],0.9877001993926373,False,True,15.49840282658917,86,23.11822180235112,218.334,in_progress,0.0
88,33.0,8.268244931910159,5.633274168184628,96.44428545618169,16.06215298701791,1.5,[16.06215298701791, 1.5],0.8877124288038701,False,True,15.931358595540862,87,23.11822180235112,218.398,in_progress,0.0
88,34.0,8.233010466466453,5.756661573699811,100.87453777249785,30.0,1.5,[30.0, 1.5],0.8126641224898027,False,True,16.369766950821635,87,23.11822180235112,218.468,in_progress,0.0
88,35.0,8.19098951909204,5.866170718657032,105.21508335671186,-5.574123771984098,1.5802333789925962,[-5.574123771984098, 1.5802333789925962],0.7575690407135325,False,True,16.84182957968276,88,23.11822180235112,218.531,in_progress,0.0
88,36.0,8.145994145873544,5.9600268999759844,109.24047169756467,-8.907101838008998,1.5,[-8.907101838008998, 1.5],1.0117724036244564,False,True,17.127335610327428,88,23.11822180235112,218.602,in_progress,0.0
88,37.0,8.086579392700408,6.071062578351472,113.19019123957199,-30.0,1.9782065253257626,[-30.0, 1.9782065253257626],0.16554203479233265,False,True,17.502996454614888,89,23.11822180235112,218.662,in_progress,0.0
88,38.0,8.037697356574743,6.162489035192958,115.05428178331294,18.55646655163043,3.0,[18.55646655163043, 3.0],0.12500881164566024,False,True,17.865587950825486,90,23.11822180235112,218.734,in_progress,0.0
88,39.0,7.982778892547747,6.271434857825215,115.81988090725552,30.0,3.0,[30.0, 3.0],0.08115308595226478,False,True,18.156255645360194,90,23.11822180235112,218.799,in_progress,0.0
88,40.0,7.908776141760016,6.390991434340786,118.78463581660992,30.0,1.5,[30.0, 1.5],0.5367367758701171,False,True,18.627041508498305,91,23.11822180235112,218.866,in_progress,0.0
88,41.0,7.812382812042168,6.508287367055571,124.50149543003067,14.71458399485983,1.9893368003006018,[14.71458399485983, 1.9893368003006018],0.001,False,False,19.018973075106466,91,23.11822180235112,218.928,in_progress,0.0
88,42.0,7.729633947849518,6.594206741217132,128.6379889918127,-30.0,1.7106678333476204,[-30.0, 1.7106678333476204],0.001,False,False,19.463133336391486,92,23.11822180235112,219.0,in_progress,0.0
88,43.0,7.639976413571728,6.675541076378303,132.67868967265105,-14.365008474277957,1.5,[-14.365008474277957, 1.5],0.001,False,False,19.764052686267046,92,23.11822180235112,219.059,in_progress,0.0
88,44.0,7.533724286215095,6.762840613367999,136.54775335070562,12.159345346837178,2.3801860154424475,[12.159345346837178, 2.3801860154424475],0.001,False,False,20.116673315015692,93,23.11822180235112,219.132,in_progress,0.0
88,45.0,7.4384257839429795,6.833119540917158,139.59381922758038,30.0,1.5918801315231301,[30.0, 1.5918801315231301],0.001,True,False,20.57423147568263,94,23.11822180235112,219.2,off_track,0.0
89,1.0,7.882658210132413,3.307548779986903,63.969589058612705,30.0,2.9771870912561185,[30.0, 2.9771870912561185],0.0,False,True,0.6058623459751333,71,23.11822180235112,219.334,prepare,0.0
89,2.0,7.882738426513749,3.3074151949265262,63.953613693379594,30.0,1.9429329688360775,[30.0, 1.9429329688360775],0.7428585486280386,False,True,0.605484606231238,71,23.11822180235112,219.393,in_progress,0.0
89,3.0,7.887448083300236,3.316581026408596,63.85541075714231,-5.6132071316774805,1.9906822167262725,[-5.6132071316774805, 1.9906822167262725],1.0322967402209458,False,True,0.6500250526979556,71,23.11822180235112,219.467,in_progress,0.0
89,4.0,7.895587238872806,3.342497593600993,64.82209559531583,3.872185968288285,2.1631664372643415,[3.872185968288285, 2.1631664372643415],3.110473801545325,False,True,0.7665889020435412,71,23.11822180235112,219.535,in_progress,0.0
89,5.0,7.904217318994047,3.3798574027900603,66.72504250705178,30.0,2.499423717862688,[30.0, 2.499423717862688],0.6516415830623138,False,True,0.9295250093917462,71,23.11822180235112,219.601,in_progress,0.0
89,6.0,7.912747532799399,3.434378415700847,69.90846058957274,7.854709255626787,2.3619436540663807,[7.854709255626787, 2.3619436540663807],2.8491748515738964,False,True,1.1602173446591257,72,23.11822180235112,219.665,in_progress,0.0
89,7.0,7.919883253252132,3.5066754753327176,73.95253472201887,30.0,2.051489075541567,[30.0, 2.051489075541567],0.4629823989080627,False,True,1.4625883027098885,72,23.11822180235112,219.731,in_progress,0.0
89,8.0,7.919334840514331,3.59440995047208,79.42068860190055,30.0,2.6609983995002375,[30.0, 2.6609983995002375],0.3802769686815567,False,True,1.8118717634421022,73,23.11822180235112,219.799,in_progress,0.0
89,9.0,7.908298384363083,3.686249298330858,85.60626207628165,-30.0,2.5585801462843856,[-30.0, 2.5585801462843856],0.3060563690152971,False,True,2.1711557294871175,73,23.11822180235112,219.861,in_progress,0.0
89,10.0,7.878576310498464,3.8011915541227013,93.90224335415253,30.0,2.5946868819868345,[30.0, 2.5946868819868345],0.22397546185559292,False,True,2.5867459954059644,74,23.11822180235112,219.942,in_progress,0.0
89,11.0,7.836360612989631,3.9184023606873857,101.74275714547105,-30.0,2.6726326969235896,[-30.0, 2.6726326969235896],0.15341568970686226,False,True,3.01991603431368,74,23.11822180235112,220.007,in_progress,0.0
89,12.0,7.773717388692746,4.050549831091854,110.28450089323246,-3.543310796450317,1.5,[-3.543310796450317, 1.5],0.8828120287543282,False,True,3.507483683115314,75,23.11822180235112,220.063,in_progress,0.0
89,13.0,7.70677891439993,4.163836809404212,117.81184228590877,-14.412556794053206,1.5,[-14.412556794053206, 1.5],0.5275400971801918,False,True,3.8797601702135642,76,23.11822180235112,220.134,in_progress,0.0
89,14.0,7.638699013553751,4.2603490255333805,123.94681206176732,29.311584519395915,2.2408898307702123,[29.311584519395915, 2.2408898307702123],0.001,False,False,4.256818231260995,76,23.11822180235112,220.196,in_progress,0.0
89,15.0,7.550502994382156,4.365164944180741,129.67335476678483,-3.176189244735397,2.0340347374333096,[-3.176189244735397, 2.0340347374333096],0.001,False,False,4.580305669550122,77,23.11822180235112,220.267,in_progress,0.0
89,16.0,7.460803750384232,4.453083282509406,133.72873237954298,-1.7836351248003908,3.0,[-1.7836351248003908, 3.0],0.001,True,False,4.948026329080668,77,23.11822180235112,220.33,off_track,0.0
90,1.0,8.268231841006406,4.395760405572787,75.11383887566963,-14.979982891610607,2.0962527085860154,[-14.979982891610607, 2.0962527085860154],0.0,False,True,0.6063895204890923,78,23.11822180235112,220.467,prepare,0.0
90,2.0,8.268231924352488,4.3956501848795115,75.1073165640139,-25.03167222492841,2.350544333373416,[-25.03167222492841, 2.350544333373416],0.740752189240198,False,True,0.6059246573691834,78,23.11822180235112,220.536,in_progress,0.0
90,3.0,8.27058381850382,4.406111362053824,75.22158769434031,14.29209253704719,2.1608474091653838,[14.29209253704719, 2.1608474091653838],0.7413476618485996,False,True,0.652304839706308,79,23.11822180235112,220.602,in_progress,0.0
90,4.0,8.275406256650427,4.43153657511961,75.66488661818677,26.46980846571286,2.667425248271206,[26.46980846571286, 2.667425248271206],0.7711881347603696,False,True,0.764173176390126,79,23.11822180235112,220.666,in_progress,0.0
90,5.0,8.280183479196152,4.47100369604769,76.85008707122317,-13.261605970255744,1.5675119446854628,[-13.261605970255744, 1.5675119446854628],1.2353625170023614,False,True,0.9352310689015653,79,23.11822180235112,220.733,in_progress,0.0
90,6.0,8.284576368213287,4.5211976856928295,78.52171629130356,-15.722377775693953,3.0,[-15.722377775693953, 3.0],0.6524064771071629,False,True,1.1526438634897551,79,23.11822180235112,220.802,in_progress,0.0
90,7.0,8.295657480957765,4.594076808093662,79.34179098137527,4.78389102222814,1.5,[4.78389102222814, 1.5],1.4281204332280955,False,True,1.4713413471024173,80,23.11822180235112,220.869,in_progress,0.0
90,8.0,8.31018963062091,4.688927561864103,80.19043391070727,21.899347035455023,1.5,[21.899347035455023, 1.5],1.1246671125964014,False,True,1.888451592405882,80,23.11822180235112,220.934,in_progress,0.0
90,9.0,8.317878106842183,4.772766126044839,81.63727820811869,26.889292861459076,1.5871915380544168,[26.889292861459076, 1.5871915380544168],1.0926980546333178,False,True,2.2521942541047557,81,23.11822180235112,220.999,in_progress,0.0
90,10.0,8.317108452038683,4.863780116489788,84.6271238605306,13.453910307359692,2.736234987205981,[13.453910307359692, 2.736234987205981],0.5433810394236249,False,True,2.648065090343532,82,23.11822180235112,221.065,in_progress,0.0
90,11.0,8.305229325126431,4.984492749226219,89.50578356305321,-25.250703377312618,1.8065775294448305,[-25.250703377312618, 1.8065775294448305],0.47444905645148716,False,True,3.1782570126490106,82,23.11822180235112,221.125,in_progress,0.0
90,12.0,8.292005262601538,5.091125909126947,92.580389001727,-6.857729562658655,2.1576941977702444,[-6.857729562658655, 2.1576941977702444],0.43791589859271407,False,True,3.6600972294007383,83,23.11822180235112,221.199,in_progress,0.0
90,13.0,8.272455853461267,5.244829262922424,94.92765234687718,21.92509161980164,1.8778111929203485,[21.92509161980164, 1.8778111929203485],0.4281381824161494,False,True,4.359373721023463,84,23.11822180235112,221.266,in_progress,0.0
90,14.0,8.254949532522112,5.350343469267317,96.65310496938437,-29.56771420982871,2.718484169910122,[-29.56771420982871, 2.718484169910122],0.4382672725983875,False,True,4.821711822786878,85,23.11822180235112,221.332,in_progress,0.0
90,15.0,8.228579549574603,5.480930286181567,98.83966058048348,-8.352492816027997,1.8758930813521182,[-8.352492816027997, 1.8758930813521182],0.4978113782891296,False,True,5.427378668866856,86,23.11822180235112,221.4,in_progress,0.0
90,16.0,8.200861284286649,5.611842233454314,100.24748350723986,16.64930730511496,1.8890164017713664,[16.64930730511496, 1.8890164017713664],0.6758211142889626,False,True,6.003011424812222,87,23.11822180235112,221.461,in_progress,0.0
90,17.0,8.164128188591027,5.747845331384876,102.62421454907997,-3.0526755477598364,2.292750996772212,[-3.0526755477598364, 2.292750996772212],0.4160217136668575,False,True,6.542918956632859,88,23.11822180235112,221.536,in_progress,0.0
90,18.0,8.121781769510084,5.880963501640394,105.04316786078044,13.43552796541541,1.7190695987852935,[13.43552796541541, 1.7190695987852935],0.7995078009497995,False,True,7.000276093400471,88,23.11822180235112,221.594,in_progress,0.0
90,19.0,8.07215746010455,6.012224801172869,107.8957518099127,12.95976461471841,2.281856953347535,[12.95976461471841, 2.281856953347535],0.2158229057754334,False,True,7.502996454614886,89,23.11822180235112,221.657,in_progress,0.0
90,20.0,8.019680717730141,6.127663787876538,110.80899642407162,-2.160367031222311,1.6730581372709759,[-2.160367031222311, 1.6730581372709759],0.9538437997065938,False,True,7.856219719980018,90,23.11822180235112,221.736,in_progress,0.0
90,21.0,7.961724969754253,6.243413683793671,113.42060727270177,30.0,2.2011614307658256,[30.0, 2.2011614307658256],0.1026101261353507,False,True,8.157814533262153,90,23.11822180235112,221.797,in_progress,0.0
90,22.0,7.898517695141584,6.353385314023066,116.41604129493643,-7.9802201662817716,2.4246198495074207,[-7.9802201662817716, 2.4246198495074207],0.3576300691972116,False,True,8.601297256979324,91,23.11822180235112,221.879,in_progress,0.0
90,23.0,7.806201642958682,6.484742050435111,121.11901727507117,29.613976975609162,1.5,[29.613976975609162, 1.5],0.011804532434011472,False,False,9.010816405088617,91,23.11822180235112,221.933,in_progress,0.0
90,24.0,7.717916594785441,6.5883183949751025,125.60745853854475,2.7382295767453897,1.5,[2.7382295767453897, 1.5],0.2798887346811916,False,False,9.463133336391483,92,23.11822180235112,221.991,in_progress,0.0
90,25.0,7.63672219436115,6.6690966662262,129.67804510430307,20.099072547344278,1.5,[20.099072547344278, 1.5],0.001,False,False,9.770400223239829,92,23.11822180235112,222.058,in_progress,0.0
90,26.0,7.527664469495589,6.756108780152695,135.46831566928353,-10.211254832720645,3.0,[-10.211254832720645, 3.0],0.001,False,False,10.130209451251437,93,23.11822180235112,222.135,in_progress,0.0
90,27.0,7.44404694281701,6.811546052915929,139.61810655226122,-10.238838166227055,1.5,[-10.238838166227055, 1.5],0.001,True,False,10.532025978897918,94,23.11822180235112,222.202,off_track,0.0
91,1.0,8.245622865753,5.531428644930075,110.54238737803793,-30.0,3.0,[-30.0, 3.0],0.0,False,True,0.6051820105753669,86,23.11822180235112,222.336,prepare,0.0
91,2.0,8.245801463316159,5.531358464733942,110.5097988157592,11.942454794956127,2.434734465415456,[11.942454794956127, 2.434734465415456],0.7349197036009364,False,True,0.6045222203368783,86,23.11822180235112,222.392,in_progress,0.0
91,3.0,8.243765438852359,5.539252066736182,110.25537371210952,-26.54469882956276,2.7252176860690818,[-26.54469882956276, 2.7252176860690818],0.688983087167512,False,True,0.6382918926031045,86,23.11822180235112,222.466,in_progress,0.0
91,4.0,8.234792048719115,5.561485706712088,110.38289678219483,30.0,1.5,[30.0, 1.5],1.1411006553391323,False,True,0.7406650543469673,86,23.11822180235112,222.535,in_progress,0.0
91,5.0,8.21576315975651,5.598908701164996,111.51059172205376,12.803783069432896,2.100506767434296,[12.803783069432896, 2.100506767434296],0.6129585808694062,False,True,0.9217698280450937,87,23.11822180235112,222.602,in_progress,0.0
91,6.0,8.189555181306202,5.650254299239778,112.79172596160232,-30.0,2.2987614902615983,[-30.0, 2.2987614902615983],0.5828749140315888,False,True,1.1704749954788762,87,23.11822180235112,222.667,in_progress,0.0
91,7.0,8.158340391202318,5.711044692914533,113.90326785326116,-22.446376327119467,1.5,[-22.446376327119467, 1.5],1.0021342636228294,False,True,1.4424551733176805,87,23.11822180235112,222.725,in_progress,0.0
91,8.0,8.127324440272215,5.784607361045873,113.5211505504913,-26.62534330992141,2.7910029821579285,[-26.62534330992141, 2.7910029821579285],0.4216229933478135,False,True,1.7677104635866359,88,23.11822180235112,222.794,in_progress,0.0
91,9.0,8.097276996425803,5.874259351598975,111.67666581434591,30.0,1.5943042094896667,[30.0, 1.5943042094896667],0.8291249231260112,False,True,2.0662033748431563,88,23.11822180235112,222.867,in_progress,0.0
91,10.0,8.065099339075106,5.975235227324081,110.17068938300446,-1.714370041549678,2.143844202334402,[-1.714370041549678, 2.143844202334402],0.5507128374844468,False,True,2.444046458291349,89,23.11822180235112,222.932,in_progress,0.0
91,11.0,8.030724121689525,6.078637338415305,109.41450616565099,14.44917160984707,2.4716653760234597,[14.44917160984707, 2.4716653760234597],0.18377375240439253,False,True,2.707369669690962,89,23.11822180235112,223.009,in_progress,0.0
91,12.0,7.983893290249105,6.21246932773151,109.39546308397634,7.279764137002239,2.5145408426358866,[7.279764137002239, 2.5145408426358866],0.41427286278330083,False,True,3.156255645360184,90,23.11822180235112,223.071,in_progress,0.0
91,13.0,7.936865390586284,6.337604935036496,109.89542080067521,30.0,3.0,[30.0, 3.0],0.05693168323660991,False,True,3.4220015846095686,90,23.11822180235112,223.134,in_progress,0.0
91,14.0,7.880759571449736,6.473742567821617,111.24169281528337,13.013421930971973,2.6097357404204273,[13.013421930971973, 2.6097357404204273],0.001,False,False,3.8096182017936076,91,23.11822180235112,223.201,in_progress,0.0
91,15.0,7.810464847096916,6.609416302066437,114.47850529629953,21.26726945008172,2.883833392426575,[21.26726945008172, 2.883833392426575],0.001,False,False,4.17032585579128,92,23.11822180235112,223.265,in_progress,0.0
91,16.0,7.716685810206875,6.76088022344674,118.82951279448662,1.0690088939629803,2.3848278334412134,[1.0690088939629803, 2.3848278334412134],0.001,False,False,4.539584931232432,92,23.11822180235112,223.334,in_progress,0.0
91,17.0,7.617449635495163,6.893306626303965,123.60176443910433,18.61070623281916,3.0,[18.61070623281916, 3.0],0.001,True,False,5.102968740848956,93,23.11822180235112,223.399,off_track,0.0
92,1.0,7.285472461560726,6.107556642362079,164.90632042610085,30.0,2.242135855736784,[30.0, 2.242135855736784],0.0,False,True,0.6052088102765585,94,23.11822180235112,223.533,prepare,0.0
92,2.0,7.28561868441646,6.107518467638549,164.93546744106746,30.0,1.5,[30.0, 1.5],1.1576807125401665,False,True,0.6045561814811085,94,23.11822180235112,223.592,in_progress,0.0
92,3.0,7.2758457716954705,6.109351212649776,165.079564764889,30.0,1.9156477820318014,[30.0, 1.9156477820318014],0.6591698156595447,False,True,0.6475632642705675,94,23.11822180235112,223.668,in_progress,0.0
92,4.0,7.248604081053716,6.1091859910118425,166.7586838345086,12.277794088336833,1.8592229442066648,[12.277794088336833, 1.8592229442066648],0.7633917510894582,False,True,0.7629542895599917,94,23.11822180235112,223.724,in_progress,0.0
92,5.0,7.209271116300497,6.107801061619053,169.2084634359955,-30.0,2.2896393850633,[-30.0, 2.2896393850633],0.6834869993127717,False,True,0.930145961202089,94,23.11822180235112,223.803,in_progress,0.0
92,6.0,7.147631375876589,6.107570970408482,171.81949531087554,30.0,2.0172013915509024,[30.0, 2.0172013915509024],0.595445447271312,False,True,1.1939623532443266,95,23.11822180235112,223.866,in_progress,0.0
92,7.0,7.076532576619359,6.10434229799777,174.7903360931982,-23.515269843810024,1.5,[-23.515269843810024, 1.5],1.0270256979358667,False,True,1.5020461581915612,95,23.11822180235112,223.935,in_progress,0.0
92,8.0,6.9961290996148735,6.100944611781924,177.05957363621042,-8.388905212549371,1.5,[-8.388905212549371, 1.5],1.2846513222768374,False,True,1.8469248696329932,96,23.11822180235112,223.993,in_progress,0.0
92,9.0,6.90600964190793,6.096431387297702,178.99678667311218,-15.01166165601405,1.6181212265680815,[-15.01166165601405, 1.6181212265680815],0.9491776668938121,False,True,2.2417646655776613,96,23.11822180235112,224.073,in_progress,0.0
92,10.0,6.803916947541662,6.095908855935249,179.41216450299933,-2.622458274386087,1.6775078219090889,[-2.622458274386087, 1.6775078219090889],1.232926279500984,False,True,2.6826046994619324,97,23.11822180235112,224.13,in_progress,0.0
92,11.0,6.70788895384171,6.0947780116713,179.82288511453783,28.332604454444933,2.4420934160540853,[28.332604454444933, 2.4420934160540853],0.4256699360926537,False,True,3.1075115401338005,98,23.11822180235112,224.199,in_progress,0.0
92,12.0,6.577989922814824,6.083879242777556,-177.8753292440787,-26.428792884406185,1.7375281999470444,[-26.428792884406185, 1.7375281999470444],0.9019406507105006,False,True,3.6799465149384036,98,23.11822180235112,224.268,in_progress,0.0
92,13.0,6.457513392876199,6.068308953852153,-175.61452213812342,28.122841275098466,1.5,[28.122841275098466, 1.5],0.878509425743939,False,True,4.214847606904836,99,23.11822180235112,224.334,in_progress,0.0
92,14.0,6.3466287847658345,6.051285300799723,-173.7707472313683,21.741475154068446,2.448893780186846,[21.741475154068446, 2.448893780186846],0.35922022570031253,False,True,4.711842190908133,100,23.11822180235112,224.384,in_progress,0.0
92,15.0,6.232266849005553,6.02616146988249,-171.18136822525165,9.289603897374974,1.5,[9.289603897374974, 1.5],1.1352732617993928,False,True,5.2145771460654355,101,23.11822180235112,224.47,in_progress,0.0
92,16.0,6.103285900644792,5.98986315573262,-167.79221363899126,-25.762001353335755,2.4852054802057593,[-25.762001353335755, 2.4852054802057593],0.30610115633488433,False,True,5.808220759399063,102,23.11822180235112,224.536,in_progress,0.0
92,17.0,5.979311111565219,5.954032089481413,-166.07159456486684,-30.0,2.5398213132801093,[-30.0, 2.5398213132801093],0.2888220606278624,False,True,6.399647731335256,103,23.11822180235112,224.602,in_progress,0.0
92,18.0,5.836122364779055,5.92535592519067,-167.4664057527211,-30.0,1.8095547300941324,[-30.0, 1.8095547300941324],0.29564393141131995,False,True,7.059738352081723,104,23.11822180235112,224.667,in_progress,0.0
92,19.0,5.70138280154124,5.910138346673953,-170.32694638185032,-12.471428602340758,2.765395311608962,[-12.471428602340758, 2.765395311608962],0.32760238574904876,False,True,7.6614265564504125,105,23.11822180235112,224.731,in_progress,0.0
92,20.0,5.552874914060049,5.903325772287291,-174.00325098958803,30.0,2.108293571432454,[30.0, 2.108293571432454],0.40046875581222163,False,True,8.298485709159698,106,23.11822180235112,224.8,in_progress,0.0
92,21.0,5.4096911557915925,5.905122063755763,-177.5251458849529,24.139508071258263,1.727364596628375,[24.139508071258263, 1.727364596628375],1.083674415654043,False,True,8.883974383930981,106,23.11822180235112,224.861,in_progress,0.0
92,22.0,5.26833657279687,5.907066554065021,-179.10370097433216,-9.265644762002832,2.270860111522096,[-9.265644762002832, 2.270860111522096],0.7659402613808022,False,True,9.430654288927675,107,23.11822180235112,224.931,in_progress,0.0
92,23.0,5.132399875044547,5.910460488650259,179.6446662871437,30.0,3.0,[30.0, 3.0],0.32781654402020066,False,True,9.920477867401223,108,23.11822180235112,224.997,in_progress,0.0
92,24.0,4.966879644187036,5.916956823723315,178.68151377566636,-30.0,2.5983471358068884,[-30.0, 2.5983471358068884],0.20907942102074728,False,True,10.455477700663584,109,23.11822180235112,225.067,in_progress,0.0
92,25.0,4.807938899920557,5.9185750140978985,179.03929674465465,-15.843529271779191,2.121158794681394,[-15.843529271779191, 2.121158794681394],0.12639068539975662,False,True,10.862632216906942,109,23.11822180235112,225.133,in_progress,0.0
92,26.0,4.663560313945056,5.922776409843663,178.70639467902382,-14.840875837791696,2.533048500808884,[-14.840875837791696, 2.533048500808884],0.06367959939986623,False,True,11.22831401395178,110,23.11822180235112,225.199,in_progress,0.0
92,27.0,4.493678238491363,5.933205808146521,177.3201598209484,8.953959897635663,1.5,[8.953959897635663, 1.5],0.29653258238571945,False,False,11.623339065267935,111,23.11822180235112,225.269,in_progress,0.0
92,28.0,4.342846443735272,5.943544044495281,176.61812917469774,30.0,3.0,[30.0, 3.0],0.001,False,False,11.882345797528338,111,23.11822180235112,225.319,in_progress,0.0
92,29.0,4.190737530267995,5.949067487634068,177.3251589264351,-0.5776971912935913,2.5501725284084777,[-0.5776971912935913, 2.5501725284084777],0.001,True,False,12.150411195355826,111,23.11822180235112,225.398,off_track,0.0
93,1.0,6.132278705640638,6.121271704682091,-174.61098605278528,-30.0,1.8445285439887218,[-30.0, 1.8445285439887218],0.0,False,True,0.6060611627965673,101,23.11822180235112,225.54,prepare,0.0
93,2.0,6.132444437836294,6.121285528826875,-174.5813702783941,-11.78284377243483,1.8949624405337915,[-11.78284377243483, 1.8949624405337915],0.7361752496258938,False,True,0.6053428442629682,101,23.11822180235112,225.611,in_progress,0.0
93,3.0,6.125038185265807,6.119971107300914,-174.44306805891517,-29.787882900803805,2.6383678517610427,[-29.787882900803805, 2.6383678517610427],0.7438177509462307,False,True,0.6378562677584743,101,23.11822180235112,225.663,in_progress,0.0
93,4.0,6.099391385722119,6.119765511115679,-175.08418523407425,-30.0,1.5,[-30.0, 1.5],1.1797331884468172,False,True,0.7478681666374887,102,23.11822180235112,225.726,in_progress,0.0
93,5.0,6.061109356205588,6.123540362482089,-176.75572065285766,-15.987769108928612,2.6791857670173904,[-15.987769108928612, 2.6791857670173904],0.5932185504317022,False,True,0.9096581552892835,102,23.11822180235112,225.754,in_progress,0.0
93,6.0,6.010139119243551,6.126488499183903,-178.20385304767348,30.0,2.509602797676824,[30.0, 2.509602797676824],0.5284705922407867,False,True,1.119185575863213,102,23.11822180235112,225.865,in_progress,0.0
93,7.0,5.945410138592123,6.131374466362242,-179.77599979074327,-6.438224707279289,1.8019644446409386,[-6.438224707279289, 1.8019644446409386],0.7635887335615852,False,True,1.3892260932363953,103,23.11822180235112,225.931,in_progress,0.0
93,8.0,5.870537336073838,6.137401554776378,178.7313591208614,27.17930861730229,2.2125893117359445,[27.17930861730229, 2.2125893117359445],0.4078579442329473,False,True,1.6873504638544978,103,23.11822180235112,225.998,in_progress,0.0
93,9.0,5.77618476649827,6.1408901538450245,178.4453820441646,17.077369021118372,1.5999299649994259,[17.077369021118372, 1.5999299649994259],0.8547927933803386,False,True,2.0788931952858136,104,23.11822180235112,226.062,in_progress,0.0
93,10.0,5.676072400572449,6.142773969635474,178.59598576020957,30.0,2.6217617133410176,[30.0, 2.6217617133410176],0.3099074153164447,False,True,2.473735767526386,104,23.11822180235112,226.131,in_progress,0.0
93,11.0,5.571818473108844,6.138868307072148,179.9798318704542,-6.724495908459904,3.0,[-6.724495908459904, 3.0],0.5747898795891406,False,True,2.91014139286625,105,23.11822180235112,226.199,in_progress,0.0
93,12.0,5.442710574605869,6.124162208939381,-177.07925446974417,18.285497482522004,1.5,[18.285497482522004, 1.5],0.7419898403057393,False,True,3.429002361164346,106,23.11822180235112,226.265,in_progress,0.0
93,13.0,5.308978679821254,6.100524295633237,-173.59787101553044,30.0,1.5645852743204456,[30.0, 1.5645852743204456],0.7143671011007589,False,True,3.960705529935671,107,23.11822180235112,226.33,in_progress,0.0
93,14.0,5.206836756748197,6.072418681845095,-170.0503209651412,-2.5418870106547153,2.3502931917427907,[-2.5418870106547153, 2.3502931917427907],0.4997504192784436,False,True,4.340221457218596,107,23.11822180235112,226.401,in_progress,0.0
93,15.0,5.086404578029496,6.027958049661351,-165.3564396555806,12.673056077875017,1.9688059748684688,[12.673056077875017, 1.9688059748684688],0.18583622171574354,False,True,4.8914539561826125,108,23.11822180235112,226.469,in_progress,0.0
93,16.0,4.965225492400284,5.970888398734386,-160.44268316341174,30.0,2.1074369687831287,[30.0, 2.1074369687831287],0.16924231404829493,False,True,5.327986287534836,109,23.11822180235112,226.487,in_progress,0.0
93,17.0,4.856757643444749,5.907468886179475,-155.5608049196105,-10.536267309488355,3.0,[-10.536267309488355, 3.0],0.4565228506263644,False,True,5.736285464922841,109,23.11822180235112,226.602,in_progress,0.0
93,18.0,4.73453417866988,5.823010678459488,-150.32696551975303,30.0,2.4547099350160484,[30.0, 2.4547099350160484],0.14169172918167805,False,True,6.258142347997808,110,23.11822180235112,226.666,in_progress,0.0
93,19.0,4.624606764971399,5.730622977243237,-145.14911565902048,24.97696114263035,2.0857996891323483,[24.97696114263035, 2.0857996891323483],0.1293968325851269,False,True,6.8749287136144925,111,23.11822180235112,226.725,in_progress,0.0
93,20.0,4.515552873247476,5.626383108368559,-140.61363918005333,30.0,2.1031120006613766,[30.0, 2.1031120006613766],0.11480112465128411,False,True,7.39460586786338,112,23.11822180235112,226.801,in_progress,0.0
93,21.0,4.4073488083570975,5.512490164214179,-136.86011392139866,-30.0,2.1152949884097003,[-30.0, 2.1152949884097003],0.09763055270261534,False,True,7.925230797115345,113,23.11822180235112,226.868,in_progress,0.0
93,22.0,4.3105983039439195,5.397084775977427,-133.30823672096108,15.568908526247824,1.5,[15.568908526247824, 1.5],0.08118606269243911,False,True,8.4307370285151,113,23.11822180235112,226.932,in_progress,0.0
93,23.0,4.23176033811772,5.286521156179503,-129.386203298788,-9.844051922150634,1.9674099583450029,[-9.844051922150634, 1.9674099583450029],0.3687552225267941,False,True,8.892560695487251,114,23.11822180235112,226.996,in_progress,0.0
93,24.0,4.161659194500981,5.173225310933642,-125.77795493010768,-14.447908616511958,1.9589178743670475,[-14.447908616511958, 1.9589178743670475],0.05763434732793005,False,True,9.462646732898449,115,23.11822180235112,227.059,in_progress,0.0
93,25.0,4.0959561795553086,5.0581380464018055,-122.96769682780469,-13.903654494701637,2.9214643812356744,[-13.903654494701637, 2.9214643812356744],0.04656678940507364,False,True,9.940379171270786,116,23.11822180235112,227.131,in_progress,0.0
93,26.0,4.024779979253368,4.92871663278539,-120.90323778978167,-30.0,2.423174042290352,[-30.0, 2.423174042290352],0.03427003693780062,False,True,10.528995868379898,117,23.11822180235112,227.198,in_progress,0.0
93,27.0,3.9513325924637828,4.808033634562056,-121.15203449088047,-6.802509112761225,1.9973746418647904,[-6.802509112761225, 1.9973746418647904],0.001,False,False,11.151703487836063,118,23.11822180235112,227.263,in_progress,0.0
93,28.0,3.8641320856661268,4.675282829496923,-122.27191839666814,30.0,2.11930346543614,[30.0, 2.11930346543614],0.001,False,False,11.942086892718173,119,23.11822180235112,227.334,in_progress,0.0
93,29.0,3.787008125925588,4.5533022003795995,-122.28131283856256,-13.39030624975328,2.1585459770570523,[-13.39030624975328, 2.1585459770570523],0.001,False,False,13.174298734515322,121,23.11822180235112,227.4,in_progress,0.0
93,30.0,3.7077386617425057,4.422408747877511,-121.74615604089988,25.412517278424403,1.5,[25.412517278424403, 1.5],0.0386621246262302,False,False,14.96508319269344,123,23.11822180235112,227.482,in_progress,0.0
93,31.0,3.633193798413268,4.291551462525084,-120.67065224803164,-12.151520633448367,1.5,[-12.151520633448367, 1.5],0.09635629155498338,False,False,15.577479034537156,124,23.11822180235112,227.539,in_progress,0.0
93,32.0,3.5834407060877465,4.192449334611376,-118.91877966827452,-3.560888613153189,1.5,[-3.560888613153189, 1.5],0.9535975587420173,False,True,15.901150852892098,125,23.11822180235112,227.597,in_progress,0.0
93,33.0,3.532901457418257,4.085760862896243,-117.25663231959706,-24.813884668464382,1.5,[-24.813884668464382, 1.5],0.7358760771525589,False,True,16.2810280837413,125,23.11822180235112,227.667,in_progress,0.0
93,34.0,3.4783294330732772,3.9780912847650325,-117.07643008171705,13.490199198681871,1.948106735704133,[13.490199198681871, 1.948106735704133],0.3615053670843985,False,True,16.612986996703537,126,23.11822180235112,227.729,in_progress,0.0
93,35.0,3.421976008761422,3.8704230234655097,-117.38986827575506,-30.0,1.5,[-30.0, 1.5],1.1629855525081054,False,True,16.951393234624657,126,23.11822180235112,227.793,in_progress,0.0
93,36.0,3.370341627959628,3.7711402769270443,-117.40012004907697,14.403056995489735,1.5,[14.403056995489735, 1.5],0.8492011843365486,False,True,17.246102437736212,127,23.11822180235112,227.867,in_progress,0.0
93,37.0,3.313674640039036,3.663508044811491,-117.53108403810475,-21.19278240735551,2.199019081530535,[-21.19278240735551, 2.199019081530535],0.22244630094948625,False,True,17.512979342848244,127,23.11822180235112,227.933,in_progress,0.0
93,38.0,3.2598318036462683,3.568471345372771,-118.35000370489743,17.67079233875709,1.6355225736911931,[17.67079233875709, 1.6355225736911931],0.6460177041628513,False,True,17.789056438239616,128,23.11822180235112,227.997,in_progress,0.0
93,39.0,3.2012882746138267,3.466712121054234,-119.04541489643609,-9.630036783737747,2.3752950136175874,[-9.630036783737747, 2.3752950136175874],0.3818079076542436,False,True,17.99731675135312,128,23.11822180235112,228.066,in_progress,0.0
93,40.0,3.1327773193194832,3.3472915675595707,-119.49330959637037,-2.5242966997910408,2.793884902738294,[-2.5242966997910408, 2.793884902738294],0.3175131253547934,False,True,18.257272860091344,128,23.11822180235112,228.134,in_progress,0.0
93,41.0,3.0636368440239683,3.2335717947234754,-120.36448174324244,30.0,1.8752135558598768,[30.0, 1.8752135558598768],0.001,False,False,18.567761579705223,129,23.11822180235112,228.198,in_progress,0.0
93,42.0,3.0014404849295446,3.117645221199582,-119.30755075774698,-7.0887173446955245,1.5,[-7.0887173446955245, 1.5],0.22014735103088956,False,False,18.651670181080593,129,23.11822180235112,228.265,in_progress,0.0
93,43.0,2.9393170088569223,2.9818229881997365,-116.91382173568248,1.3036443049850561,1.5,[1.3036443049850561, 1.5],0.001,True,False,18.73184421472801,129,23.11822180235112,228.331,off_track,0.0
94,1.0,5.057350643519218,5.726093556418705,-145.11741708577503,-12.978606697256097,3.0,[-12.978606697256097, 3.0],0.0,False,True,0.6061429538679497,109,23.11822180235112,228.466,prepare,0.0
94,2.0,5.057491228840422,5.7262043069464585,-145.1333789184909,14.737666901592142,1.5,[14.737666901592142, 1.5],1.300139486412565,False,True,0.6053700613721902,109,23.11822180235112,228.536,in_progress,0.0
94,3.0,5.051907629615394,5.720714925798448,-144.78936069693978,30.0,2.2742299402984183,[30.0, 2.2742299402984183],0.8307088889915577,False,True,0.6391926887595156,109,23.11822180235112,228.598,in_progress,0.0
94,4.0,5.036018150943696,5.707485989373874,-144.42427459243254,11.472839222140344,1.9300843815208544,[11.472839222140344, 1.9300843815208544],0.789004854882182,False,True,0.7285869062547468,109,23.11822180235112,228.668,in_progress,0.0
94,5.0,5.009126573676437,5.683906610433598,-143.61605446267944,13.432374949172853,2.696560386781271,[13.432374949172853, 2.696560386781271],0.7816840094153571,False,True,0.8832908023616026,109,23.11822180235112,228.732,in_progress,0.0
94,6.0,4.976031155759526,5.649401672213638,-141.71117068853079,-2.36591842316966,1.9149391890666618,[-2.36591842316966, 1.9149391890666618],1.0329665053152801,False,True,1.0894059923294397,110,23.11822180235112,228.802,in_progress,0.0
94,7.0,4.932827666062165,5.601895635156683,-139.296760352058,-19.65865370150292,1.5,[-19.65865370150292, 1.5],1.165409768445789,False,True,1.3688250250920908,110,23.11822180235112,228.858,in_progress,0.0
94,8.0,4.878544858911576,5.549653549645602,-138.4201919149735,-11.993810172252058,1.5,[-11.993810172252058, 1.5],1.229960195423171,False,True,1.6942831384265666,111,23.11822180235112,228.931,in_progress,0.0
94,9.0,4.818576507181833,5.492292081498063,-137.7358745542887,-30.0,2.3723477298736535,[-30.0, 2.3723477298736535],0.682937189710189,False,True,2.0512702875225997,111,23.11822180235112,229.006,in_progress,0.0
94,10.0,4.739574495069316,5.423085673852718,-138.2232195797816,28.594702390758954,2.9675819473020804,[28.594702390758954, 2.9675819473020804],0.5321894298217771,False,True,2.4971512531177686,112,23.11822180235112,229.062,in_progress,0.0
94,11.0,4.663817331913468,5.363034118451877,-139.4654653421533,8.513021703474443,1.6788864798049552,[8.513021703474443, 1.6788864798049552],1.2290077260675158,False,True,2.8811230297692947,113,23.11822180235112,229.139,in_progress,0.0
94,12.0,4.571808401417156,5.287401017015216,-139.93334736600463,30.0,3.0,[30.0, 3.0],0.34613887302412805,False,True,3.334462815549555,113,23.11822180235112,229.195,in_progress,0.0
94,13.0,4.47972699985127,5.204400416433455,-138.9743221686637,7.428103496743049,1.5,[7.428103496743049, 1.5],0.5825985725220435,False,True,3.8361295929793315,114,23.11822180235112,229.266,in_progress,0.0
94,14.0,4.396876991084922,5.117359918916501,-136.59538798052682,14.880839131820217,2.227359053414683,[14.880839131820217, 2.227359053414683],0.23524906824985226,False,True,4.281644163329301,115,23.11822180235112,229.335,in_progress,0.0
94,15.0,4.3180917890915165,5.029029914230837,-134.51855333250143,9.76971800725557,2.590514074265898,[9.76971800725557, 2.590514074265898],0.4963228603825272,False,True,4.721027030078417,115,23.11822180235112,229.402,in_progress,0.0
94,16.0,4.227905778572468,4.908145275867783,-130.33858078527678,-18.094201602148928,2.9115626767026894,[-18.094201602148928, 2.9115626767026894],0.16009512797380288,False,True,5.322594818515302,116,23.11822180235112,229.466,in_progress,0.0
94,17.0,4.154372984365827,4.804670187207159,-128.14075156506843,2.401312024153789,2.0258512603770207,[2.401312024153789, 2.0258512603770207],0.13362694411520104,False,True,5.865410202280041,117,23.11822180235112,229.532,in_progress,0.0
94,18.0,4.072712734858682,4.683045642065217,-125.98541127579205,16.129006597423654,1.7462487286772774,[16.129006597423654, 1.7462487286772774],0.6096796313659917,False,True,6.558131520271637,118,23.11822180235112,229.6,in_progress,0.0
94,19.0,3.9988709881864746,4.552760227821092,-122.57302338085721,10.145152615597432,3.0,[10.145152615597432, 3.0],0.10091586911188932,False,True,7.360983782213681,119,23.11822180235112,229.67,in_progress,0.0
94,20.0,3.9363080407758813,4.42771796888606,-119.66347040104186,-30.0,1.5,[-30.0, 1.5],0.6122019669357721,False,True,8.200231866080687,121,23.11822180235112,229.733,in_progress,0.0
94,21.0,3.8781659522325316,4.298892445520439,-116.82254815017082,-15.421978321957146,1.5304393805711494,[-15.421978321957146, 1.5304393805711494],0.6565377482033734,False,True,9.281613861485283,122,23.11822180235112,229.802,in_progress,0.0
94,22.0,3.8196180191338347,4.174052160585737,-115.92732989118561,30.0,1.5,[30.0, 1.5],0.73396295172535,False,True,9.879009627600466,123,23.11822180235112,229.867,in_progress,0.0
94,23.0,3.772135545586334,4.0574183891200315,-114.17989164942459,-30.0,2.1897059051120444,[-30.0, 2.1897059051120444],0.35854321910117204,False,True,10.244997303247594,124,23.11822180235112,229.935,in_progress,0.0
94,24.0,3.7284529468596306,3.9368210398789665,-112.30366943961985,11.261474937597065,2.126729731902688,[11.261474937597065, 2.126729731902688],0.6140136174875259,False,True,10.598210287122644,124,23.11822180235112,229.954,in_progress,0.0
94,25.0,3.6839351735159815,3.8262190239284624,-112.18399697495082,25.42069902619432,1.5,[25.42069902619432, 1.5],0.831979719033297,False,True,10.91361650421926,125,23.11822180235112,230.071,in_progress,0.0
94,26.0,3.6438791608503176,3.704478138106446,-110.33546315409149,2.687029880176823,2.1620415857014463,[2.687029880176823, 2.1620415857014463],0.5036131746234347,False,True,11.172283212063538,125,23.11822180235112,230.134,in_progress,0.0
94,27.0,3.6112103510623417,3.5883097039300416,-108.35502982683703,-3.199493592385803,3.0,[-3.199493592385803, 3.0],0.41934396725947815,False,True,11.419797709249424,126,23.11822180235112,230.148,in_progress,0.0
94,28.0,3.5722301967545618,3.4523643079720876,-107.23523079322051,24.610899635132917,1.9994822368634941,[24.610899635132917, 1.9994822368634941],0.04426766296195661,False,True,11.689534090227237,126,23.11822180235112,230.265,in_progress,0.0
94,29.0,3.536131270773551,3.312025331985595,-105.73460706694416,30.0,1.5,[30.0, 1.5],0.001,False,False,11.885682691569667,126,23.11822180235112,230.285,in_progress,0.0
94,30.0,3.5143884553372415,3.1854415626482355,-102.97523442620303,10.866768129482843,1.5,[10.866768129482843, 1.5],0.23057127600187965,False,False,12.073628742212117,127,23.11822180235112,230.395,in_progress,0.0
94,31.0,3.5057354881515335,3.060867579601195,-98.91758465804116,30.0,2.804208550469547,[30.0, 2.804208550469547],0.001,True,False,12.20430463714306,127,23.11822180235112,230.472,off_track,0.0
95,1.0,4.454733064928195,4.759203839121181,-110.53767691525222,18.975379096020788,1.8490209784135003,[18.975379096020788, 1.8490209784135003],0.0,False,True,0.6063853788975893,117,23.11822180235112,230.605,prepare,0.0
95,2.0,4.4546560940656885,4.759453802201508,-110.54766634220915,-15.159975428524252,2.2234372658918424,[-15.159975428524252, 2.2234372658918424],0.7440210621300338,False,True,0.6054749329210463,117,23.11822180235112,230.673,in_progress,0.0
95,3.0,4.455055090031284,4.751053686317102,-109.73618761313175,-25.536214250985125,2.0426053755835296,[-25.536214250985125, 2.0426053755835296],0.7994658837703097,False,True,0.6391982646700378,117,23.11822180235112,230.724,in_progress,0.0
95,4.0,4.448616462481975,4.72753187880965,-109.2822687762687,17.308560127989786,2.2405271847543897,[17.308560127989786, 2.2405271847543897],0.7368047649957531,False,True,0.744431279159008,117,23.11822180235112,230.792,in_progress,0.0
95,5.0,4.438128942748475,4.691670224202781,-108.8613061991917,-21.443684205396757,3.0,[-21.443684205396757, 3.0],0.6922018204032285,False,True,0.9055942948158258,117,23.11822180235112,230.87,in_progress,0.0
95,6.0,4.420861357499429,4.63911014319791,-108.75966334143979,-0.33920557118384664,1.5,[-0.33920557118384664, 1.5],1.1676156371744173,False,True,1.1447868398033245,118,23.11822180235112,230.935,in_progress,0.0
95,7.0,4.400310424832468,4.57944349405266,-108.82970259954263,-12.629066645510829,3.0,[-12.629066645510829, 3.0],0.6547922535659985,False,True,1.4177217180543655,118,23.11822180235112,230.991,in_progress,0.0
95,8.0,4.374469968338399,4.505520898905231,-108.99326465915303,27.093229349780145,2.3674716931241266,[27.093229349780145, 2.3674716931241266],0.6109860757050537,False,True,1.7540280997457636,118,23.11822180235112,231.066,in_progress,0.0
95,9.0,4.346397183455454,4.42169904631947,-108.84769821760516,-30.0,1.5,[-30.0, 1.5],1.0618626235779511,False,True,2.1263825254649316,119,23.11822180235112,231.133,in_progress,0.0
95,10.0,4.314209414960611,4.323502804887458,-108.64680389643195,29.908120714041594,2.3625761952101305,[29.908120714041594, 2.3625761952101305],0.4790641088865025,False,True,2.5652965602406597,120,23.11822180235112,231.198,in_progress,0.0
95,11.0,4.2774774975163155,4.2186020809653,-108.88204500988849,26.575149414805793,2.3135493922493433,[26.575149414805793, 2.3135493922493433],0.4031307537249982,False,True,2.9952156680337905,120,23.11822180235112,231.269,in_progress,0.0
95,12.0,4.241939283334688,4.09743772866384,-107.82835240674797,-30.0,2.8055030982409113,[-30.0, 2.8055030982409113],0.31612484670621754,False,True,3.4199535251572044,121,23.11822180235112,231.331,in_progress,0.0
95,13.0,4.209103582370331,3.98338873845118,-107.12857565186386,17.68241629132993,2.963707442007694,[17.68241629132993, 2.963707442007694],0.23475136758519843,False,True,3.829019513113885,122,23.11822180235112,231.389,in_progress,0.0
95,14.0,4.163305230389707,3.828844867380189,-106.64663618208586,30.0,1.9211144018286106,[30.0, 1.9211144018286106],0.14736742747396125,False,True,4.165858896164187,122,23.11822180235112,231.469,in_progress,0.0
95,15.0,4.130458070593838,3.680214175482149,-104.43849586962853,-0.9328071447061284,2.498084657065846,[-0.9328071447061284, 2.498084657065846],0.37083877519117975,False,True,4.597078172553449,123,23.11822180235112,231.538,in_progress,0.0
95,16.0,4.108741003403361,3.532380129246187,-101.34873843194254,30.0,2.041901839436977,[30.0, 2.041901839436977],0.006001175669207215,False,True,4.726487959221393,123,23.11822180235112,231.592,in_progress,0.0
95,17.0,4.098219308251188,3.401670516422439,-98.17792951311378,11.555975241728582,1.5,[11.555975241728582, 1.5],0.001,False,False,4.893062502562406,123,23.11822180235112,231.666,in_progress,0.0
95,18.0,4.097534994022034,3.2513070725245306,-94.08878054056223,30.0,1.5191786268160148,[30.0, 1.5191786268160148],0.001,True,False,5.118950235297392,124,23.11822180235112,231.734,off_track,0.0
96,1.0,3.7247819845936294,3.943741893053084,-159.85478065256646,4.9699115103149865,2.212496968164444,[4.9699115103149865, 2.212496968164444],0.0,False,True,0.6053502589722592,124,23.11822180235112,231.867,prepare,0.0
96,2.0,3.7247866401424172,3.9440595926688102,-159.9387140014627,19.735182507148544,1.5,[19.735182507148544, 1.5],1.2081127546066104,False,True,0.6049571817496102,124,23.11822180235112,231.933,in_progress,0.0
96,3.0,3.719905036051463,3.9429655442970137,-160.13998155707608,-5.327566535382118,3.0,[-5.327566535382118, 3.0],1.013436394136121,False,True,0.6265641856290638,124,23.11822180235112,232.0,in_progress,0.0
96,4.0,3.6998459821124383,3.93113545994491,-159.09270268525623,-3.39270157411422,3.0,[-3.39270157411422, 3.0],0.9343953109613854,False,True,0.7239770837991544,125,23.11822180235112,232.068,in_progress,0.0
96,5.0,3.6673969614593878,3.913663237848247,-158.01094446730247,14.163580028553206,1.5,[14.163580028553206, 1.5],1.074257119031083,False,True,0.8796009665643978,125,23.11822180235112,232.135,in_progress,0.0
96,6.0,3.621050878041362,3.8769024848760956,-154.27054599348875,-1.3717466514411676,3.0,[-1.3717466514411676, 3.0],0.7726103348824225,False,True,1.1059688074769314,125,23.11822180235112,232.199,in_progress,0.0
96,7.0,3.5661869012216476,3.835742386628124,-151.32082893624914,-25.901049062273515,1.8363254654826633,[-25.901049062273515, 1.8363254654826633],0.3992522157842262,False,True,1.3764083886821377,126,23.11822180235112,232.267,in_progress,0.0
96,8.0,3.50084268050432,3.7909330665233942,-149.63632571211141,-13.456205671008476,1.8785573716084123,[-13.456205671008476, 1.8785573716084123],0.3437016400704668,False,True,1.6895340902272293,126,23.11822180235112,232.333,in_progress,0.0
96,9.0,3.422470144907748,3.735772094248694,-147.95811344868142,4.489390660867748,2.775434981912054,[4.489390660867748, 2.775434981912054],0.5847510555792308,False,True,2.0506958827453903,127,23.11822180235112,232.398,in_progress,0.0
96,10.0,3.3387312422188544,3.674375559544015,-146.3502590683138,-20.71338262848365,2.834245673999111,[-20.71338262848365, 2.834245673999111],0.23065339095515547,False,True,2.4001390079925966,127,23.11822180235112,232.465,in_progress,0.0
96,11.0,3.240642140405244,3.601119502807349,-145.11904376880912,-30.0,1.669188500699927,[-30.0, 1.669188500699927],0.6733108841653855,False,True,2.85627120443549,128,23.11822180235112,232.529,in_progress,0.0
96,12.0,3.1310922560391496,3.5315509853593072,-146.3476127143045,24.526311570309844,1.5,[24.526311570309844, 1.5],0.6250793313787608,False,True,3.2459313866866957,128,23.11822180235112,232.597,in_progress,0.0
96,13.0,3.020571596891611,3.4676297672065606,-147.95065510545118,3.417903119041924,2.2631706059237464,[3.417903119041924, 2.2631706059237464],0.3846622001101861,False,True,3.6516701810805796,129,23.11822180235112,232.659,in_progress,0.0
96,14.0,2.9228767218789087,3.4086958520237127,-148.4373601935146,14.956559149000576,3.0,[14.956559149000576, 3.0],0.046471322175882124,False,True,3.95703862323189,129,23.11822180235112,232.733,in_progress,0.0
96,15.0,2.8128922235960654,3.3402222796850465,-148.18077216180103,-27.085520152251004,1.978539700744071,[-27.085520152251004, 1.978539700744071],0.001,False,False,4.305343398578421,130,23.11822180235112,232.8,in_progress,0.0
96,16.0,2.6852052084288505,3.2599984247771094,-148.02664415513016,-30.0,1.6106327419910058,[-30.0, 1.6106327419910058],0.001,False,False,4.6087062922104405,130,23.11822180235112,232.866,in_progress,0.0
96,17.0,2.5703496560974832,3.197395093515462,-149.6523468918408,-30.0,1.5,[-30.0, 1.5],0.001,False,False,4.959058492317614,131,23.11822180235112,232.891,in_progress,0.0
96,18.0,2.461541876973707,3.149503735928062,-152.5129605520708,-25.764530490137638,2.930166896632941,[-25.764530490137638, 2.930166896632941],0.001,True,False,5.042116080160741,131,23.11822180235112,233.002,off_track,0.0
97,1.0,2.5898529787305438,3.9329397166720996,161.20806788577687,2.916338623451395,2.3907324506481524,[2.916338623451395, 2.3907324506481524],0.0,False,True,0.6060495743368977,132,23.11822180235112,233.129,prepare,0.0
97,2.0,2.5898939211533385,3.932724733496288,161.2466489191217,30.0,1.6891001289271788,[30.0, 1.6891001289271788],0.9997922188913362,False,True,0.6055829085685249,132,23.11822180235112,233.199,in_progress,0.0
97,3.0,2.5852943553191676,3.9396961752423394,159.93394853477514,5.753278718801823,3.0,[5.753278718801823, 3.0],2.9951122617440635,False,True,0.6362373476875627,132,23.11822180235112,233.267,in_progress,0.0
97,4.0,2.5672899162656893,3.9485664065622332,159.3531954116157,30.0,2.1652493667005444,[30.0, 2.1652493667005444],0.6856570624578715,False,True,0.7230173574766297,132,23.11822180235112,233.336,in_progress,0.0
97,5.0,2.5339744145715026,3.961828904269452,159.13384996640653,1.0847680873585617,2.2518270947203822,[1.0847680873585617, 2.2518270947203822],3.016515419497699,False,True,0.8779385276079354,132,23.11822180235112,233.401,in_progress,0.0
97,6.0,2.491489751599543,3.976330084729695,159.44793361492262,28.033824698147555,2.612658773620466,[28.033824698147555, 2.612658773620466],0.792008066788318,False,True,1.0711681831662712,133,23.11822180235112,233.469,in_progress,0.0
97,7.0,2.4345103647780553,3.9953433474250155,159.93540052107718,-30.0,2.861191864550129,[-30.0, 2.861191864550129],0.6489937228866918,False,True,1.3277989028520287,133,23.11822180235112,233.536,in_progress,0.0
97,8.0,2.360280143210985,4.021229297009087,160.1308526253866,-10.059672160266018,1.5,[-10.059672160266018, 1.5],1.3631532415130059,False,True,1.6643031137249076,134,23.11822180235112,233.597,in_progress,0.0
97,9.0,2.2795428990492264,4.050909445091738,159.88417749944205,15.446949710155423,1.5,[15.446949710155423, 1.5],1.0122278349415252,False,True,2.0343599465270534,134,23.11822180235112,233.67,in_progress,0.0
97,10.0,2.1791083276981635,4.086488361305283,160.13065139333872,1.9709307153211029,1.7147009698359963,[1.9709307153211029, 1.7147009698359963],1.2633900034441345,False,True,2.491243621422168,135,23.11822180235112,233.735,in_progress,0.0
97,11.0,2.076862378434573,4.117806754304473,161.20535950049657,-17.10432377508296,2.416819428768216,[-17.10432377508296, 2.416819428768216],0.4273301677703557,False,True,2.9630684296135024,136,23.11822180235112,233.797,in_progress,0.0
97,12.0,1.9820295871257074,4.151015744321204,160.96922030020906,23.857587946527524,2.503225708786961,[23.857587946527524, 2.503225708786961],0.4196367607829934,False,True,3.423498630349886,136,23.11822180235112,233.864,in_progress,0.0
97,13.0,1.8515494577557832,4.197527840576276,160.65318804420133,-10.07531450546816,3.0,[-10.07531450546816, 3.0],0.741120397989544,False,True,4.048464868520885,137,23.11822180235112,233.932,in_progress,0.0
97,14.0,1.719109112727151,4.241765105909871,160.96630228818367,30.0,1.5,[30.0, 1.5],1.0062056269623731,False,True,4.66330421960004,138,23.11822180235112,234.001,in_progress,0.0
97,15.0,1.5850054036045615,4.281613673279017,162.19125659000593,29.49640927058705,2.2881609631623276,[29.49640927058705, 2.2881609631623276],0.7330023195927382,False,True,5.257902686919458,139,23.11822180235112,234.066,in_progress,0.0
97,16.0,1.4464700739447236,4.313385202607405,164.6388563449478,-11.955656060045957,1.6009768765402337,[-11.955656060045957, 1.6009768765402337],1.0168349627764155,False,True,5.846737191182272,140,23.11822180235112,234.126,in_progress,0.0
97,17.0,1.3091907314950078,4.334651966293938,167.95323832683613,30.0,2.476994906275269,[30.0, 2.476994906275269],0.4168113129833433,False,True,6.4308553188182405,141,23.11822180235112,234.197,in_progress,0.0
97,18.0,1.188081264467063,4.34943147052432,170.28526333861402,28.42523068601941,2.577503986425628,[28.42523068601941, 2.577503986425628],0.35046170787110986,False,True,6.914792692116212,142,23.11822180235112,234.261,in_progress,0.0
97,19.0,1.0231947725737804,4.355959734899456,174.41721107447444,2.3694343588896984,2.0506710670408856,[2.3694343588896984, 2.0506710670408856],0.28374483773617853,False,True,7.546056744469388,143,23.11822180235112,234.334,in_progress,0.0
97,20.0,0.8872023773183801,4.350091960032708,178.33773193284694,-22.413475386844794,2.4196010888678776,[-22.413475386844794, 2.4196010888678776],0.2369551733024685,False,True,8.017128753982238,143,23.11822180235112,234.383,in_progress,0.0
97,21.0,0.7293982202263126,4.339302227993779,-178.65468525728897,-4.495682821193121,1.5,[-4.495682821193121, 1.5],0.6818526997389522,False,True,8.505036004054078,144,23.11822180235112,234.457,in_progress,0.0
97,22.0,0.5841894031636452,4.327636136822966,-176.97835416167666,-6.816567725114741,1.5,[-6.816567725114741, 1.5],0.6287861920097065,False,True,9.062050496421381,145,23.11822180235112,234.529,in_progress,0.0
97,23.0,0.45401273198009395,4.3150514911490205,-175.85672266272243,14.60174068438409,1.5,[14.60174068438409, 1.5],0.5819613400832265,False,True,9.311120647984838,145,23.11822180235112,234.602,in_progress,0.0
97,24.0,0.332677662412173,4.304596061371072,-175.47103593679904,-30.0,2.0606241913985928,[-30.0, 2.0606241913985928],0.04080465201290684,False,True,9.733922484004331,146,23.11822180235112,234.663,in_progress,0.0
97,25.0,0.20622463931294827,4.290704478635373,-174.75070725398885,1.2919590130537486,2.755220832340485,[1.2919590130537486, 2.755220832340485],0.001,False,False,9.816684322545456,146,23.11822180235112,234.728,in_progress,0.0
97,26.0,0.07128143781824672,4.279299814690508,-174.95828566186893,4.985201994132574,3.0,[4.985201994132574, 3.0],0.001,False,False,10.224427237395927,147,23.11822180235112,234.798,in_progress,0.0
97,27.0,-0.08049432859755246,4.258038614132166,-173.41225468398062,30.0,1.9040478482033014,[30.0, 1.9040478482033014],0.001,False,False,10.423737528047727,147,23.11822180235112,234.864,in_progress,0.0
97,28.0,-0.240018234871852,4.220007402656496,-169.60559267350567,-30.0,3.0,[-30.0, 3.0],0.001,True,False,10.730413008874729,147,23.11822180235112,234.931,off_track,0.0
98,1.0,1.5047013862994254,4.29299258385827,174.81498805234597,29.135310995449835,2.3047849065086052,[29.135310995449835, 2.3047849065086052],0.0,False,True,0.6053298252158834,140,23.11822180235112,235.068,prepare,0.0
98,2.0,1.505025278787497,4.292997156233269,174.8144224424375,-12.443577461105125,2.7674816820304766,[-12.443577461105125, 2.7674816820304766],0.6438926236248,False,True,0.603928825739497,140,23.11822180235112,235.126,in_progress,0.0
98,3.0,1.49858780606439,4.291235417554593,175.40531623778097,-9.949664531062119,2.361727758673938,[-9.949664531062119, 2.361727758673938],0.663908168116623,False,True,0.6317646180981407,140,23.11822180235112,235.2,in_progress,0.0
98,4.0,1.4795661610580055,4.292918099442953,175.37397673676747,30.0,1.5,[30.0, 1.5],1.1450693723518905,False,True,0.7140540391878836,140,23.11822180235112,235.261,in_progress,0.0
98,5.0,1.4419325816544046,4.2924942602059675,176.16358633980846,30.0,1.5,[30.0, 1.5],1.1435046418037613,False,True,0.8738047606267951,140,23.11822180235112,235.334,in_progress,0.0
98,6.0,1.395495755959241,4.291019159849883,177.1787723711795,12.20643961277397,2.3952057780463525,[12.20643961277397, 2.3952057780463525],0.6209927232198795,False,True,1.074507160186855,140,23.11822180235112,235.399,in_progress,0.0
98,7.0,1.3306898818787938,4.284758971111855,179.30960318306862,-8.192141129475154,2.0264857456771237,[-8.192141129475154, 2.0264857456771237],0.6285762804600592,False,True,1.3561115773770394,141,23.11822180235112,235.462,in_progress,0.0
98,8.0,1.251514299549927,4.276940092025567,-178.82815922596345,30.0,2.7686659396113456,[30.0, 2.7686659396113456],0.6061999029620015,False,True,1.6962831362721031,141,23.11822180235112,235.53,in_progress,0.0
98,9.0,1.1608755483213327,4.264172262448483,-176.47775944589145,-13.609364796432956,3.0,[-13.609364796432956, 3.0],0.5885117230185801,False,True,2.0920772059908277,142,23.11822180235112,235.602,in_progress,0.0
98,10.0,1.054883131712309,4.243159228111951,-173.3251254487202,10.809090141823106,1.5,[10.809090141823106, 1.5],1.0444084714739303,False,True,2.550488763019909,143,23.11822180235112,235.669,in_progress,0.0
98,11.0,0.9350973850031584,4.212010838334252,-169.55996483822065,18.5571665884338,2.4578614640494987,[18.5571665884338, 2.4578614640494987],0.4946195977005582,False,True,3.068162601858815,143,23.11822180235112,235.733,in_progress,0.0
98,12.0,0.8271851547251707,4.175290953963763,-166.0424119275358,30.0,2.013985988350207,[30.0, 2.013985988350207],0.45334379783567236,False,True,3.5290443448783515,144,23.11822180235112,235.8,in_progress,0.0
98,13.0,0.7031990825904564,4.117859360573145,-160.80814111218643,30.0,1.68883658046889,[30.0, 1.68883658046889],0.9074121702099368,False,True,4.114886519688787,145,23.11822180235112,235.87,in_progress,0.0
98,14.0,0.6017623673364064,4.05993133197697,-156.16168722080684,30.0,1.828354018177316,[30.0, 1.828354018177316],0.36089052735332705,False,True,4.564694790790547,146,23.11822180235112,235.929,in_progress,0.0
98,15.0,0.4986307812477062,3.9898570017195873,-151.52369258764787,7.654791871763372,2.0067332417181274,[7.654791871763372, 2.0067332417181274],0.6173452202081748,False,True,5.023207806309349,146,23.11822180235112,236.003,in_progress,0.0
98,16.0,0.3982049217698262,3.908890996049305,-146.79481814109118,1.8458505098552607,1.6914277578048578,[1.8458505098552607, 1.6914277578048578],1.0770202509951787,False,True,5.4764255477678265,147,23.11822180235112,236.067,in_progress,0.0
98,17.0,0.3118876398881645,3.8257700638353365,-142.15432634185737,-7.0754844782106545,1.5921020410168951,[-7.0754844782106545, 1.5921020410168951],1.0404580445141514,False,True,5.976282133466815,148,23.11822180235112,236.136,in_progress,0.0
98,18.0,0.2300017324304541,3.732625369011858,-137.25650911318542,20.03586955739415,1.5,[20.03586955739415, 1.5],0.7064413066989933,False,True,6.386193913695548,148,23.11822180235112,236.197,in_progress,0.0
98,19.0,0.16197647791849434,3.642820519229214,-132.9047280856073,-18.39207587569033,2.3485327388637494,[-18.39207587569033, 2.3485327388637494],0.18060088999279356,False,True,6.740116928477413,149,23.11822180235112,236.265,in_progress,0.0
98,20.0,0.09542336277486908,3.5400450408190873,-128.60744267293208,0.7933479286800136,1.6636117998525595,[0.7933479286800136, 1.6636117998525595],0.9526956244757008,False,True,7.248379424503271,150,23.11822180235112,236.339,in_progress,0.0
98,21.0,0.027582047933451107,3.429194042337136,-125.24677467028017,-30.0,1.5,[-30.0, 1.5],0.6226575900227045,False,True,7.657832115896923,150,23.11822180235112,236.401,in_progress,0.0
98,22.0,-0.03293305498369039,3.3266102620743236,-123.17869273307802,-26.19816321276099,2.208457903230836,[-26.19816321276099, 2.208457903230836],0.09564815714109853,False,True,8.039062840875244,151,23.11822180235112,236.464,in_progress,0.0
98,23.0,-0.09723310855102477,3.2291131229424592,-123.29794597296068,5.589110899276392,1.5,[5.589110899276392, 1.5],0.36334127556258206,False,True,8.459161554899774,152,23.11822180235112,236.528,in_progress,0.0
98,24.0,-0.16272094195275383,3.1248481224579367,-122.79237331227084,14.179025221905526,1.5,[14.179025221905526, 1.5],0.03228259498606734,False,True,8.782107262755934,152,23.11822180235112,236.592,in_progress,0.0
98,25.0,-0.2192520871821566,3.020938928900678,-120.90933045967738,-30.0,2.116231227591615,[-30.0, 2.116231227591615],0.001,False,False,9.238149856009992,153,23.11822180235112,236.653,in_progress,0.0
98,26.0,-0.2695281592174873,2.9250412322934527,-119.73129724490994,-28.42573321429423,1.5,[-28.42573321429423, 1.5],0.001,False,False,9.477554596224035,153,23.11822180235112,236.733,in_progress,0.0
98,27.0,-0.3302481654838863,2.8195652191371914,-119.84462724774946,24.182845876279053,2.036802606117549,[24.182845876279053, 2.036802606117549],0.001,False,False,9.921292536128279,154,23.11822180235112,236.797,in_progress,0.0
98,28.0,-0.38878521001233857,2.717355121137806,-119.87438309380565,-11.091210579276467,2.110413778112677,[-11.091210579276467, 2.110413778112677],0.001,False,False,10.172528774772985,0,23.11822180235112,236.881,in_progress,0.0
98,29.0,-0.45784670882960465,2.5974444166658643,-119.95324129070009,-30.0,2.313400132268577,[-30.0, 2.313400132268577],0.001,True,False,10.653619220046494,1,23.11822180235112,236.936,off_track,0.0
99,1.0,0.5025878634409207,3.812536185169863,-129.29852113169355,-20.621767505108707,2.031872666670776,[-20.621767505108707, 2.031872666670776],0.0,False,True,0.6039531119542474,147,23.11822180235112,237.063,prepare,0.0
99,2.0,0.5027879674312188,3.8125222836254,-129.28059896443,-24.43294797688725,1.7964632773101634,[-24.43294797688725, 1.7964632773101634],1.1707825930182658,False,True,0.6035624787960492,147,23.11822180235112,237.134,in_progress,0.0
99,3.0,0.49631829821957896,3.803786002471034,-129.1352117505173,30.0,2.2590379218987833,[30.0, 2.2590379218987833],0.6572050803651079,False,True,0.6503461938482502,147,23.11822180235112,237.195,in_progress,0.0
99,4.0,0.4800136115541329,3.7882386319182233,-129.86536203532845,-10.567440734056554,1.5,[-10.567440734056554, 1.5],1.4015078636841216,False,True,0.7441944306118331,147,23.11822180235112,237.261,in_progress,0.0
99,5.0,0.451954237497568,3.758939111034313,-130.5136518623592,30.0,2.4561004324683613,[30.0, 2.4561004324683613],0.5462189325141098,False,True,0.9151584328464857,148,23.11822180235112,237.328,in_progress,0.0
99,6.0,0.41286527928690886,3.7170642385636294,-131.0782919846932,24.63941333659629,3.0,[24.63941333659629, 3.0],0.48699380848292895,False,True,1.1367933104978523,148,23.11822180235112,237.396,in_progress,0.0
99,7.0,0.36722065149703165,3.6645141937618364,-131.08297654252416,6.545614677895486,2.787955713185117,[6.545614677895486, 2.787955713185117],0.7250832232040592,False,True,1.4234608283747119,149,23.11822180235112,237.44,in_progress,0.0
99,8.0,0.3163211656271544,3.602103331984408,-130.52932818142483,20.245585216183883,2.6933182011487227,[20.245585216183883, 2.6933182011487227],0.3762379718422568,False,True,1.7315047280412554,149,23.11822180235112,237.53,in_progress,0.0
99,9.0,0.25881494124437826,3.524965442671242,-129.1581173774459,0.5596325153459318,1.5,[0.5596325153459318, 1.5],1.1203574094721551,False,True,2.1090605748227964,150,23.11822180235112,237.599,in_progress,0.0
99,10.0,0.1998502501305921,3.439285113391561,-127.33130398413174,-16.949255528251197,2.017167962004079,[-16.949255528251197, 2.017167962004079],0.27347281199971374,False,True,2.473933152471175,150,23.11822180235112,237.666,in_progress,0.0
99,11.0,0.13142176046520365,3.3442270194448396,-126.82796858311171,-30.0,1.893873823078943,[-30.0, 1.893873823078943],0.21959277650070552,False,True,2.9337067186189003,151,23.11822180235112,237.734,in_progress,0.0
99,12.0,0.05533586902508117,3.259225349695439,-128.97062008589123,30.0,1.5,[30.0, 1.5],0.16294765486691543,False,True,3.260762667424122,151,23.11822180235112,237.803,in_progress,0.0
99,13.0,-0.028994014086992592,3.173346256131157,-131.33489014226686,-8.08160522742729,3.0,[-8.08160522742729, 3.0],2.408602251833649,False,True,3.668272415507201,152,23.11822180235112,237.869,in_progress,0.0
99,14.0,-0.1170882549939418,3.0804795159627605,-132.331218410916,-30.0,1.9084425479813858,[-30.0, 1.9084425479813858],0.057494736463606255,False,True,3.968510243203116,152,23.11822180235112,237.931,in_progress,0.0
99,15.0,-0.19802985020482072,3.0096437305131527,-134.91823703092234,-8.712806969632108,1.895637248420867,[-8.712806969632108, 1.895637248420867],0.3160822257601829,False,True,4.284457635148298,153,23.11822180235112,238.001,in_progress,0.0
99,16.0,-0.30645367652052213,2.925918006530865,-138.4613476396742,20.34729341981771,1.5,[20.34729341981771, 1.5],0.001,False,False,4.466450537052136,153,23.11822180235112,238.065,in_progress,0.0
99,17.0,-0.4059426199658198,2.8500524349590335,-140.35601181799979,4.702050025606475,2.226249103809847,[4.702050025606475, 2.226249103809847],1.7248652146337218,False,False,4.774559511773113,154,23.11822180235112,238.141,in_progress,0.0
99,18.0,-0.5253389051149309,2.7636561994388225,-142.33031031971248,30.0,1.7553469621084963,[30.0, 1.7553469621084963],0.001,True,False,4.999999999999801,0,23.11822180235112,238.203,off_track,0.0
